mitosis 0.2498 1304 1089 1355 1150
mitosis 0.1639 1399 1206 1449 1255
mitosis 0.1542 1078 641 1120 687
mitosis 0.1031 1597 1293 1635 1330
mitosis 0.0722 -2 433 30 474
mitosis 0.0262 108 329 143 360
mitosis 0.0193 857 1422 897 1458
mitosis 0.0188 120 390 169 438
mitosis 0.0185 998 435 1059 477
mitosis 0.0173 1528 1260 1586 1328
mitosis 0.0156 1391 1191 1456 1272
mitosis 0.0142 1291 1078 1374 1160
mitosis 0.0133 -5 1440 34 1480
mitosis 0.0126 1569 1283 1629 1337
mitosis 0.0115 1529 1253 1560 1281
mitosis 0.0110 67 165 115 213
mitosis 0.0107 1075 627 1128 701
mitosis 0.0097 122 493 223 570
mitosis 0.0093 380 769 429 811
mitosis 0.0087 1031 1125 1072 1173
mitosis 0.0086 892 436 969 505
mitosis 0.0085 691 1457 735 1485
mitosis 0.0081 772 1410 834 1470
mitosis 0.0080 190 1264 236 1311
mitosis 0.0073 358 1387 408 1439
mitosis 0.0069 1507 101 1603 170
mitosis 0.0069 1625 95 1666 139
mitosis 0.0067 1461 1286 1496 1311
mitosis 0.0065 1356 352 1396 399
mitosis 0.0062 660 1408 695 1441
mitosis 0.0061 311 1311 354 1353
mitosis 0.0055 793 1334 828 1369
mitosis 0.0053 381 1182 431 1216
mitosis 0.0052 690 911 759 968
mitosis 0.0049 880 1163 916 1195
mitosis 0.0048 1420 831 1459 862
mitosis 0.0045 1432 6 1472 38
mitosis 0.0044 1590 1275 1651 1347
mitosis 0.0041 58 1245 107 1290
mitosis 0.0041 733 969 770 1000
mitosis 0.0039 459 281 516 332
mitosis 0.0038 1071 166 1115 203
mitosis 0.0037 981 420 1068 492
mitosis 0.0037 612 295 666 341
mitosis 0.0037 508 667 553 711
mitosis 0.0037 850 1460 892 1486
mitosis 0.0035 1532 1247 1575 1301
mitosis 0.0035 850 1409 890 1450
mitosis 0.0034 1390 964 1439 1013
mitosis 0.0034 585 -1 680 69
mitosis 0.0034 1405 1221 1457 1262
mitosis 0.0032 266 697 302 733
mitosis 0.0032 901 382 969 445
mitosis 0.0032 155 350 192 388
mitosis 0.0031 1052 642 1147 705
mitosis 0.0030 851 1437 893 1480
mitosis 0.0029 3 429 42 480
mitosis 0.0027 389 1234 469 1300
mitosis 0.0027 593 571 639 616
mitosis 0.0027 554 888 592 923
mitosis 0.0027 1538 1292 1586 1338
mitosis 0.0027 1577 766 1629 815
mitosis 0.0027 595 274 696 352
mitosis 0.0027 1215 1082 1364 1228
mitosis 0.0027 603 5 664 58
mitosis 0.0027 1319 1096 1395 1155
mitosis 0.0026 102 368 195 445
mitosis 0.0026 842 1424 900 1473
mitosis 0.0025 1345 412 1382 443
mitosis 0.0025 740 1113 776 1141
mitosis 0.0024 1089 732 1127 764
mitosis 0.0024 498 1214 552 1258
mitosis 0.0024 309 1214 363 1260
mitosis 0.0023 1604 1284 1642 1325
mitosis 0.0023 1099 238 1137 277
mitosis 0.0023 726 459 761 492
mitosis 0.0022 1361 665 1400 693
mitosis 0.0022 1389 1218 1439 1264
mitosis 0.0021 774 146 820 191
mitosis 0.0021 566 652 598 684
mitosis 0.0020 1060 637 1111 680
mitosis 0.0019 1297 1092 1423 1222
mitosis 0.0019 410 1251 484 1311
mitosis 0.0019 818 822 1741 1470
mitosis 0.0019 395 1233 453 1278
mitosis 0.0019 1590 1300 1639 1343
mitosis 0.0019 10 376 44 415
mitosis 0.0018 116 1379 224 1466
mitosis 0.0018 2 594 52 655
mitosis 0.0018 337 1392 438 1466
mitosis 0.0018 210 272 261 340
mitosis 0.0018 0 4 29 63
mitosis 0.0017 126 365 182 428
mitosis 0.0017 1317 1171 1349 1207
mitosis 0.0016 1300 1074 1347 1129
mitosis 0.0016 1452 17 1587 119
mitosis 0.0016 1120 1161 1168 1219
mitosis 0.0016 1454 1281 1506 1316
mitosis 0.0016 892 449 984 538
mitosis 0.0016 194 73 231 106
mitosis 0.0016 1409 1188 1465 1246
mitosis 0.0016 142 497 258 623
mitosis 0.0016 447 395 481 431
mitosis 0.0016 564 561 656 635
mitosis 0.0016 692 520 731 557
mitosis 0.0016 62 147 127 225
mitosis 0.0015 712 1322 746 1358
mitosis 0.0015 134 93 184 146
mitosis 0.0015 1056 153 1153 235
mitosis 0.0015 352 765 445 829
mitosis 0.0015 908 613 946 646
mitosis 0.0015 328 1441 400 1483
mitosis 0.0015 750 100 849 194
mitosis 0.0015 308 1410 413 1479
mitosis 0.0015 1077 165 1136 220
mitosis 0.0015 410 50 473 114
mitosis 0.0015 855 330 895 365
mitosis 0.0015 1415 274 1482 323
mitosis 0.0014 1000 424 1102 506
mitosis 0.0014 1369 944 1459 1021
mitosis 0.0014 835 1408 934 1475
mitosis 0.0014 211 604 246 642
mitosis 0.0014 428 1213 529 1294
mitosis 0.0014 1213 673 1267 716
mitosis 0.0014 1560 758 1645 843
mitosis 0.0013 1047 1129 1104 1184
mitosis 0.0013 436 1327 496 1367
mitosis 0.0013 775 1348 834 1425
mitosis 0.0013 911 450 1001 512
mitosis 0.0013 562 966 603 1004
mitosis 0.0013 95 339 186 420
mitosis 0.0013 1476 563 1519 598
mitosis 0.0013 891 369 961 425
mitosis 0.0013 1236 239 1275 272
mitosis 0.0013 1341 324 1401 376
mitosis 0.0013 492 615 612 708
mitosis 0.0013 1563 11 1659 108
mitosis 0.0013 1302 1111 1370 1177
mitosis 0.0013 1406 0 1512 74
mitosis 0.0013 440 1264 484 1304
mitosis 0.0013 966 475 1117 616
mitosis 0.0013 170 1255 263 1335
mitosis 0.0012 420 242 500 323
mitosis 0.0012 1102 242 1153 291
mitosis 0.0012 225 1306 258 1335
mitosis 0.0012 495 514 639 629
mitosis 0.0012 -289 145 679 954
mitosis 0.0012 1619 111 1666 182
mitosis 0.0012 154 637 311 765
mitosis 0.0012 1541 1237 1646 1340
mitosis 0.0012 579 1016 621 1052
mitosis 0.0012 292 683 424 799
mitosis 0.0012 228 657 350 761
mitosis 0.0012 148 511 220 565
mitosis 0.0012 1468 1239 1606 1371
mitosis 0.0011 1083 636 1149 689
mitosis 0.0011 200 557 241 593
mitosis 0.0011 321 1308 375 1350
mitosis 0.0011 117 328 159 362
mitosis 0.0011 1219 1037 1364 1155
mitosis 0.0011 137 871 273 1000
mitosis 0.0011 0 571 92 659
mitosis 0.0011 369 1204 478 1289
mitosis 0.0011 138 1378 194 1428
mitosis 0.0011 141 1388 206 1447
mitosis 0.0011 35 775 173 908
mitosis 0.0011 828 1050 857 1079
mitosis 0.0011 380 577 543 711
mitosis 0.0011 1183 1008 1889 1567
mitosis 0.0011 1467 111 1593 265
mitosis 0.0011 963 233 1017 293
mitosis 0.0011 1276 1182 1465 1296
mitosis 0.0011 349 778 455 874
mitosis 0.0011 394 25 497 126
mitosis 0.0011 528 425 677 555
mitosis 0.0011 960 228 1099 360
mitosis 0.0010 127 794 285 922
mitosis 0.0010 221 873 371 997
mitosis 0.0010 1031 1110 1086 1188
mitosis 0.0010 1474 69 1603 181
mitosis 0.0010 -20 1406 74 1484
mitosis 0.0010 609 246 726 349
mitosis 0.0010 432 264 539 342
mitosis 0.0010 1082 1151 1163 1220
mitosis 0.0010 -10 407 89 519
mitosis 0.0010 305 847 343 879
mitosis 0.0010 570 368 603 397
mitosis 0.0010 1612 82 1669 166
mitosis 0.0010 533 827 673 934
mitosis 0.0010 1315 324 1414 413
mitosis 0.0010 1018 352 1176 483
mitosis 0.0010 1304 1039 1423 1151
mitosis 0.0010 39 1210 155 1308
mitosis 0.0010 806 1398 909 1470
mitosis 0.0010 1613 1398 1662 1463
mitosis 0.0010 44 855 184 994
mitosis 0.0010 1044 495 1196 655
mitosis 0.0010 356 854 415 922
mitosis 0.0010 481 649 581 723
mitosis 0.0010 1092 218 1144 279
mitosis 0.0010 148 447 247 554
