mitosis 0.4009 1048 309 1103 361
mitosis 0.2910 698 6 743 49
mitosis 0.1889 432 116 488 162
mitosis 0.1305 1009 321 1072 378
mitosis 0.1276 479 1022 559 1091
mitosis 0.0603 16 1413 73 1460
mitosis 0.0576 1015 308 1106 377
mitosis 0.0519 56 220 111 267
mitosis 0.0513 987 1177 1044 1219
mitosis 0.0387 698 1399 756 1446
mitosis 0.0367 915 13 961 57
mitosis 0.0339 286 322 331 363
mitosis 0.0307 253 298 297 335
mitosis 0.0288 261 310 328 363
mitosis 0.0282 651 478 706 525
mitosis 0.0198 428 99 500 173
mitosis 0.0173 678 292 717 330
mitosis 0.0169 295 1247 335 1288
mitosis 0.0149 797 674 839 710
mitosis 0.0145 1020 541 1060 581
mitosis 0.0142 476 1024 531 1075
mitosis 0.0136 865 875 908 914
mitosis 0.0134 479 838 535 882
mitosis 0.0129 590 404 635 441
mitosis 0.0125 695 -8 748 62
mitosis 0.0108 953 871 1007 913
mitosis 0.0088 678 904 722 939
mitosis 0.0088 916 25 969 74
mitosis 0.0081 9 1398 85 1472
mitosis 0.0080 1059 309 1131 367
mitosis 0.0080 226 196 296 251
mitosis 0.0079 663 275 708 319
mitosis 0.0079 895 776 942 826
mitosis 0.0073 1336 1281 1375 1320
mitosis 0.0068 45 213 133 273
mitosis 0.0067 635 465 726 541
mitosis 0.0067 503 1036 567 1097
mitosis 0.0065 171 395 209 431
mitosis 0.0065 463 1016 605 1148
mitosis 0.0064 1055 287 1112 357
mitosis 0.0062 701 40 1368 607
mitosis 0.0060 688 666 737 709
mitosis 0.0060 971 274 1100 412
mitosis 0.0056 1288 1460 1338 1486
mitosis 0.0054 983 1162 1057 1229
mitosis 0.0051 174 935 217 970
mitosis 0.0049 1053 1388 1098 1427
mitosis 0.0049 129 712 938 1413
mitosis 0.0046 316 1016 588 1160
mitosis 0.0044 255 290 319 337
mitosis 0.0044 922 42 968 84
mitosis 0.0044 1430 1376 1479 1428
mitosis 0.0043 425 774 466 803
mitosis 0.0042 84 957 185 1029
mitosis 0.0040 687 1392 774 1457
mitosis 0.0038 478 1039 569 1123
mitosis 0.0036 653 262 696 304
mitosis 0.0036 230 1373 273 1406
mitosis 0.0034 1616 1233 1664 1285
mitosis 0.0034 829 1298 871 1333
mitosis 0.0034 493 1024 594 1103
mitosis 0.0034 999 333 1048 378
mitosis 0.0034 318 1040 359 1074
mitosis 0.0033 1305 400 1342 448
mitosis 0.0033 1466 325 1506 362
mitosis 0.0033 233 239 327 338
mitosis 0.0033 1161 545 1211 593
mitosis 0.0032 898 426 937 473
mitosis 0.0032 454 964 604 1084
mitosis 0.0031 226 826 280 871
mitosis 0.0030 559 1338 592 1364
mitosis 0.0029 649 261 745 337
mitosis 0.0028 957 324 1104 486
mitosis 0.0027 1038 284 1177 399
mitosis 0.0026 603 781 648 820
mitosis 0.0026 133 876 239 957
mitosis 0.0024 469 817 558 889
mitosis 0.0023 897 11 980 88
mitosis 0.0023 673 652 762 727
mitosis 0.0023 870 930 917 975
mitosis 0.0022 1568 1278 1602 1312
mitosis 0.0022 897 1289 939 1330
mitosis 0.0021 1501 163 1547 209
mitosis 0.0021 699 11 773 62
mitosis 0.0020 238 288 325 361
mitosis 0.0020 1151 540 1190 573
mitosis 0.0019 295 318 358 369
mitosis 0.0019 26 1405 104 1459
mitosis 0.0019 981 1157 1038 1207
mitosis 0.0019 581 1375 620 1416
mitosis 0.0018 1359 1336 1401 1372
mitosis 0.0018 723 665 814 718
mitosis 0.0018 143 930 216 992
mitosis 0.0018 388 -1 435 17
mitosis 0.0017 49 233 103 277
mitosis 0.0017 271 1233 362 1297
mitosis 0.0017 482 817 527 858
mitosis 0.0017 390 126 510 241
mitosis 0.0017 151 855 255 930
mitosis 0.0016 1188 258 1239 299
mitosis 0.0016 1029 269 1106 351
mitosis 0.0016 1632 254 1660 302
mitosis 0.0016 938 237 979 271
mitosis 0.0016 1030 70 1080 103
mitosis 0.0016 486 718 529 751
mitosis 0.0016 1604 855 1629 885
mitosis 0.0016 599 411 699 515
mitosis 0.0016 915 852 1020 922
mitosis 0.0015 675 3 762 81
mitosis 0.0015 872 770 965 836
mitosis 0.0015 1550 1291 1673 1422
mitosis 0.0015 579 391 666 465
mitosis 0.0015 857 112 905 158
mitosis 0.0014 479 1 535 22
mitosis 0.0014 691 331 878 503
mitosis 0.0014 69 220 147 264
mitosis 0.0014 461 1037 540 1108
mitosis 0.0013 765 649 864 730
mitosis 0.0013 0 949 22 985
mitosis 0.0013 6 1357 117 1449
mitosis 0.0013 -11 53 104 173
mitosis 0.0013 232 78 288 123
mitosis 0.0013 1009 339 1072 402
mitosis 0.0013 -5 1382 57 1454
mitosis 0.0013 391 71 512 171
mitosis 0.0012 983 1146 1025 1185
mitosis 0.0012 604 168 639 203
mitosis 0.0012 385 1 506 92
mitosis 0.0012 384 104 502 200
mitosis 0.0012 1580 1232 1660 1311
mitosis 0.0012 669 301 719 340
mitosis 0.0012 679 17 737 65
mitosis 0.0012 841 559 876 595
mitosis 0.0012 436 123 515 179
mitosis 0.0012 80 -217 825 412
mitosis 0.0012 953 216 1096 345
mitosis 0.0012 1250 655 1305 696
mitosis 0.0012 715 475 882 633
mitosis 0.0012 1407 1361 1503 1432
mitosis 0.0012 1185 -12 1328 88
mitosis 0.0012 1321 1274 1426 1353
mitosis 0.0011 1004 1436 1063 1478
mitosis 0.0011 205 1374 322 1452
mitosis 0.0011 542 558 737 728
mitosis 0.0011 -17 696 104 824
mitosis 0.0011 136 871 195 918
mitosis 0.0011 447 110 516 158
mitosis 0.0011 204 814 299 887
mitosis 0.0011 -276 1020 345 1701
mitosis 0.0011 1420 1407 1573 1484
mitosis 0.0011 553 820 606 860
mitosis 0.0011 -318 889 535 1993
mitosis 0.0011 1342 1283 1400 1327
mitosis 0.0011 210 1356 313 1425
mitosis 0.0011 1001 1397 1125 1468
mitosis 0.0011 1063 294 1159 356
mitosis 0.0011 1481 158 1538 206
mitosis 0.0011 1167 561 1215 602
mitosis 0.0010 463 268 627 412
mitosis 0.0010 843 89 927 170
mitosis 0.0010 710 279 752 308
mitosis 0.0010 25 1275 61 1309
mitosis 0.0010 632 484 698 540
mitosis 0.0010 1182 1310 1242 1354
mitosis 0.0010 1552 1414 1662 1488
mitosis 0.0010 473 423 632 556
mitosis 0.0010 920 11 1022 75
mitosis 0.0010 1461 1443 1534 1480
mitosis 0.0010 963 329 1044 386
mitosis 0.0010 1135 -1 1263 80
mitosis 0.0010 1463 1047 1505 1084
mitosis 0.0010 848 911 942 987
mitosis 0.0010 1551 1035 1678 1156
mitosis 0.0010 648 -1 740 63
mitosis 0.0010 615 497 779 610
mitosis 0.0010 914 -4 978 63
mitosis 0.0010 708 281 787 328
mitosis 0.0010 1021 1356 1147 1444
mitosis 0.0010 178 840 290 944
mitosis 0.0010 1402 419 1441 451
mitosis 0.0010 452 1005 550 1084
mitosis 0.0010 1 1358 232 1511
mitosis 0.0010 -43 1323 106 1450
