mitosis 0.5385 777 935 850 1007
mitosis 0.4228 624 1370 690 1430
mitosis 0.3409 1599 1358 1657 1411
mitosis 0.2639 445 97 498 146
mitosis 0.1610 235 886 281 928
mitosis 0.1478 1475 -3 1536 37
mitosis 0.1331 119 1399 187 1465
mitosis 0.0988 921 287 979 338
mitosis 0.0895 975 51 1039 107
mitosis 0.0499 521 -1 552 23
mitosis 0.0384 942 534 984 572
mitosis 0.0328 935 684 976 718
mitosis 0.0313 1551 140 1592 172
mitosis 0.0252 19 812 53 847
mitosis 0.0219 804 1123 840 1156
mitosis 0.0201 492 14 539 56
mitosis 0.0196 76 705 116 742
mitosis 0.0185 507 0 548 42
mitosis 0.0156 58 1050 110 1094
mitosis 0.0145 693 858 741 903
mitosis 0.0127 715 919 856 1089
mitosis 0.0114 0 508 24 555
mitosis 0.0110 225 869 293 941
mitosis 0.0106 1470 -16 1545 53
mitosis 0.0105 402 682 1162 1305
mitosis 0.0096 192 78 243 122
mitosis 0.0086 778 929 938 1081
mitosis 0.0075 868 917 931 967
mitosis 0.0072 547 612 594 647
mitosis 0.0071 178 1182 217 1218
mitosis 0.0068 1000 1266 1044 1304
mitosis 0.0063 714 878 855 1006
mitosis 0.0063 823 1370 871 1414
mitosis 0.0061 12 671 49 709
mitosis 0.0060 541 1351 700 1546
mitosis 0.0059 341 467 384 506
mitosis 0.0059 1503 1353 1562 1397
mitosis 0.0057 1553 1446 1606 1484
mitosis 0.0056 1386 1229 1424 1266
mitosis 0.0053 1586 472 1661 548
mitosis 0.0047 243 1115 997 1756
mitosis 0.0039 147 23 196 80
mitosis 0.0038 919 280 1003 353
mitosis 0.0037 1615 -2 1668 22
mitosis 0.0037 1566 1344 1651 1410
mitosis 0.0037 419 465 459 505
mitosis 0.0037 60 7 118 53
mitosis 0.0036 996 1410 1044 1448
mitosis 0.0036 1414 65 1462 102
mitosis 0.0036 90 499 138 539
mitosis 0.0035 853 39 1048 190
mitosis 0.0035 1319 1254 1369 1301
mitosis 0.0035 958 42 1095 185
mitosis 0.0034 771 902 854 983
mitosis 0.0033 633 1341 718 1421
mitosis 0.0033 557 465 595 503
mitosis 0.0032 1210 1235 1248 1265
mitosis 0.0031 1556 1415 1642 1484
mitosis 0.0031 42 1383 208 1525
mitosis 0.0031 1203 830 1243 861
mitosis 0.0031 1620 467 1655 503
mitosis 0.0031 422 -1 465 27
mitosis 0.0031 546 -236 1344 445
mitosis 0.0030 558 1325 690 1447
mitosis 0.0030 0 378 37 455
mitosis 0.0030 6 803 56 850
mitosis 0.0030 258 1076 298 1111
mitosis 0.0029 65 699 107 738
mitosis 0.0029 1387 1170 1430 1202
mitosis 0.0029 779 886 940 998
mitosis 0.0028 1338 709 1388 751
mitosis 0.0028 -271 1089 516 1779
mitosis 0.0028 481 20 538 73
mitosis 0.0027 376 112 418 155
mitosis 0.0027 961 963 1010 1001
mitosis 0.0025 0 417 27 468
mitosis 0.0025 68 386 104 429
mitosis 0.0025 1070 456 1115 487
mitosis 0.0025 213 804 247 834
mitosis 0.0024 42 1042 136 1103
mitosis 0.0024 680 854 765 917
mitosis 0.0023 425 609 474 646
mitosis 0.0023 458 66 499 107
mitosis 0.0023 293 1170 345 1209
mitosis 0.0022 468 2 542 53
mitosis 0.0022 625 1331 768 1439
mitosis 0.0022 617 1370 779 1529
mitosis 0.0022 171 48 261 123
mitosis 0.0021 295 1220 333 1256
mitosis 0.0021 60 -5 181 79
mitosis 0.0021 827 176 863 208
mitosis 0.0020 119 1393 278 1511
mitosis 0.0020 -3 502 39 560
mitosis 0.0020 924 516 1009 585
mitosis 0.0019 910 746 948 783
mitosis 0.0019 1393 907 1435 943
mitosis 0.0019 853 926 949 993
mitosis 0.0019 877 931 1011 1027
mitosis 0.0019 47 1339 185 1446
mitosis 0.0018 315 295 351 331
mitosis 0.0017 555 208 583 245
mitosis 0.0017 597 1355 677 1437
mitosis 0.0017 819 124 863 164
mitosis 0.0017 395 1272 439 1307
mitosis 0.0016 451 40 539 134
mitosis 0.0016 143 1158 250 1235
mitosis 0.0016 497 1034 562 1082
mitosis 0.0016 1310 694 1402 761
mitosis 0.0016 228 1124 275 1162
mitosis 0.0016 808 1368 892 1435
mitosis 0.0015 965 973 1021 1023
mitosis 0.0015 862 2 1046 111
mitosis 0.0015 957 5 1100 107
mitosis 0.0015 689 837 755 899
mitosis 0.0015 576 1380 677 1468
mitosis 0.0015 1519 661 1550 687
mitosis 0.0015 305 268 352 313
mitosis 0.0015 330 342 361 373
mitosis 0.0015 893 289 964 342
mitosis 0.0015 484 506 530 549
mitosis 0.0014 515 94 1191 578
mitosis 0.0014 383 0 455 38
mitosis 0.0014 1555 807 1667 920
mitosis 0.0014 295 1192 341 1230
mitosis 0.0014 1607 457 1662 528
mitosis 0.0014 1548 1321 1684 1439
mitosis 0.0014 916 676 1012 744
mitosis 0.0014 40 -3 132 66
mitosis 0.0014 1588 1357 1662 1445
mitosis 0.0014 784 948 876 1018
mitosis 0.0014 407 899 453 937
mitosis 0.0014 28 692 134 760
mitosis 0.0013 389 228 421 261
mitosis 0.0013 712 274 1016 418
mitosis 0.0013 617 1440 700 1487
mitosis 0.0013 453 66 513 131
mitosis 0.0013 287 1193 352 1245
mitosis 0.0013 1521 1379 1635 1461
mitosis 0.0013 -4 409 42 479
mitosis 0.0013 496 5 562 55
mitosis 0.0013 3 1292 136 1427
mitosis 0.0013 808 129 862 187
mitosis 0.0013 412 800 471 852
mitosis 0.0013 1125 147 1158 174
mitosis 0.0013 161 1383 332 1488
mitosis 0.0013 1614 1459 1662 1486
mitosis 0.0013 1566 555 1679 691
mitosis 0.0012 1272 1058 1963 1654
mitosis 0.0012 911 296 1001 387
mitosis 0.0012 75 896 122 940
mitosis 0.0012 1243 392 1272 416
mitosis 0.0012 1614 1344 1671 1406
mitosis 0.0012 559 451 609 498
mitosis 0.0012 1602 496 1657 544
mitosis 0.0012 256 1384 429 1488
mitosis 0.0012 427 61 500 154
mitosis 0.0012 246 441 403 538
mitosis 0.0012 88 1159 201 1243
mitosis 0.0012 756 204 816 251
mitosis 0.0012 1380 1191 1433 1251
mitosis 0.0012 1169 939 1223 982
mitosis 0.0012 111 729 283 839
mitosis 0.0012 1104 289 1143 328
mitosis 0.0012 0 1305 46 1369
mitosis 0.0012 280 597 324 626
mitosis 0.0012 978 1243 1070 1316
mitosis 0.0011 572 1432 664 1490
mitosis 0.0011 1271 958 1310 993
mitosis 0.0011 39 1384 168 1470
mitosis 0.0011 5 1270 113 1374
mitosis 0.0011 1542 1374 1689 1523
mitosis 0.0011 40 385 100 432
mitosis 0.0011 1515 -1 1625 59
mitosis 0.0011 808 168 866 214
mitosis 0.0011 730 939 831 1020
mitosis 0.0011 1499 1323 1601 1408
mitosis 0.0011 1559 647 1675 768
mitosis 0.0011 360 1384 532 1486
mitosis 0.0011 465 98 522 147
mitosis 0.0011 62 680 121 758
mitosis 0.0011 279 648 319 675
mitosis 0.0011 0 708 104 798
mitosis 0.0011 1538 118 1607 185
mitosis 0.0011 501 502 545 544
mitosis 0.0011 -8 790 92 873
mitosis 0.0011 1554 1169 1677 1308
mitosis 0.0011 1559 885 1668 999
mitosis 0.0011 665 187 785 280
mitosis 0.0011 1188 410 1228 453
mitosis 0.0011 990 1248 1045 1300
mitosis 0.0011 187 65 252 138
mitosis 0.0010 764 128 879 226
mitosis 0.0010 945 490 1000 561
mitosis 0.0010 48 476 165 557
mitosis 0.0010 0 329 37 418
mitosis 0.0010 664 1334 724 1378
mitosis 0.0010 877 983 1030 1132
mitosis 0.0010 10 786 65 868
mitosis 0.0010 1194 892 1349 1004
mitosis 0.0010 1536 1434 1598 1487
mitosis 0.0010 76 686 115 731
mitosis 0.0010 2 1171 113 1294
mitosis 0.0010 1114 648 1283 786
mitosis 0.0010 477 1027 574 1098
mitosis 0.0010 780 1003 921 1152
mitosis 0.0010 1557 742 1671 863
mitosis 0.0010 87 1417 166 1485
mitosis 0.0010 93 662 267 769
mitosis 0.0010 547 205 596 253
mitosis 0.0010 1385 1391 1551 1485
mitosis 0.0010 615 -13 774 92
mitosis 0.0010 975 62 1058 134
mitosis 0.0010 522 630 661 741
mitosis 0.0010 233 1162 363 1262
mitosis 0.0010 1357 1197 1473 1273
mitosis 0.0010 1598 1 1659 38
mitosis 0.0010 628 740 775 870
