mitosis 0.1906 498 290 549 335
mitosis 0.1178 0 1135 32 1175
mitosis 0.0639 174 1275 215 1310
mitosis 0.0559 16 528 76 579
mitosis 0.0540 594 658 637 702
mitosis 0.0354 376 1416 422 1451
mitosis 0.0342 53 1371 96 1401
mitosis 0.0146 10 502 81 570
mitosis 0.0106 1633 1158 1662 1199
mitosis 0.0098 492 272 556 344
mitosis 0.0090 0 1057 29 1094
mitosis 0.0082 589 1170 627 1198
mitosis 0.0080 879 1217 931 1256
mitosis 0.0076 357 604 402 646
mitosis 0.0075 1448 701 1500 755
mitosis 0.0073 1545 439 1598 492
mitosis 0.0067 260 206 307 239
mitosis 0.0066 554 1417 600 1451
mitosis 0.0060 1605 1138 1634 1180
mitosis 0.0051 590 644 649 713
mitosis 0.0048 566 972 602 1003
mitosis 0.0048 1211 68 1251 108
mitosis 0.0048 413 1357 448 1389
mitosis 0.0039 1134 263 1176 303
mitosis 0.0037 859 965 911 1023
mitosis 0.0034 1272 1299 1326 1355
mitosis 0.0033 195 690 235 727
mitosis 0.0033 1 1118 46 1174
mitosis 0.0033 1123 611 1173 666
mitosis 0.0031 1620 1145 1655 1197
mitosis 0.0031 83 944 144 997
mitosis 0.0030 66 932 159 1003
mitosis 0.0029 1058 1180 1091 1219
mitosis 0.0028 1496 1363 1546 1409
mitosis 0.0027 1546 819 1582 850
mitosis 0.0025 996 1103 1031 1144
mitosis 0.0025 913 536 946 567
mitosis 0.0025 -1 1052 40 1114
mitosis 0.0025 218 163 266 198
mitosis 0.0024 1517 860 1577 918
mitosis 0.0024 1520 13 1552 39
mitosis 0.0024 1012 752 1055 791
mitosis 0.0024 1412 282 1460 325
mitosis 0.0023 864 1208 953 1282
mitosis 0.0023 895 1155 929 1188
mitosis 0.0023 654 569 695 602
mitosis 0.0022 276 1334 328 1383
mitosis 0.0022 842 957 931 1030
mitosis 0.0022 1335 34 1378 80
mitosis 0.0022 1090 700 1129 736
mitosis 0.0022 1012 1290 1042 1316
mitosis 0.0021 1306 943 1335 975
mitosis 0.0021 1574 1096 1612 1135
mitosis 0.0020 550 1430 606 1468
mitosis 0.0020 70 327 124 373
mitosis 0.0020 1464 1346 1551 1428
mitosis 0.0020 1268 688 1303 727
mitosis 0.0019 15 1389 134 1471
mitosis 0.0019 1559 748 1596 784
mitosis 0.0019 1092 809 1129 843
mitosis 0.0019 1311 423 1345 453
mitosis 0.0018 236 177 331 244
mitosis 0.0018 29 513 103 575
mitosis 0.0017 367 1396 441 1469
mitosis 0.0017 1609 1348 1661 1419
mitosis 0.0017 169 503 211 537
mitosis 0.0017 899 1262 935 1300
mitosis 0.0017 855 1418 893 1453
mitosis 0.0017 1188 353 1242 398
mitosis 0.0016 1156 1052 1194 1086
mitosis 0.0016 -37 474 117 642
mitosis 0.0016 501 299 566 357
mitosis 0.0016 890 1247 942 1293
mitosis 0.0016 999 7 1045 43
mitosis 0.0015 875 140 912 172
mitosis 0.0015 166 1250 236 1325
mitosis 0.0015 1343 898 1375 929
mitosis 0.0015 9 486 75 547
mitosis 0.0015 1205 787 1245 828
mitosis 0.0015 676 1072 715 1108
mitosis 0.0015 1014 410 1050 436
mitosis 0.0015 1570 1362 1662 1463
mitosis 0.0014 1549 1204 1581 1238
mitosis 0.0014 1095 605 1188 691
mitosis 0.0014 1422 691 1515 764
mitosis 0.0014 1409 819 1450 857
mitosis 0.0014 1516 426 1622 509
mitosis 0.0013 -345 241 420 841
mitosis 0.0013 694 1 771 33
mitosis 0.0013 1227 1161 1258 1190
mitosis 0.0013 525 1409 636 1473
mitosis 0.0013 1536 769 1570 803
mitosis 0.0013 1386 287 1448 330
mitosis 0.0012 340 866 393 908
mitosis 0.0012 1379 10 1424 41
mitosis 0.0012 -44 527 115 719
mitosis 0.0012 11 466 204 627
mitosis 0.0012 172 1058 217 1087
mitosis 0.0012 727 878 765 915
mitosis 0.0012 1394 111 1429 140
mitosis 0.0012 130 888 269 977
mitosis 0.0012 1122 242 1175 300
mitosis 0.0012 211 905 252 942
mitosis 0.0012 1623 815 1661 887
mitosis 0.0012 922 629 958 660
mitosis 0.0011 474 307 536 369
mitosis 0.0011 -44 431 110 571
mitosis 0.0011 469 939 635 1066
mitosis 0.0011 711 357 760 397
mitosis 0.0011 454 676 497 706
mitosis 0.0011 1622 180 1653 217
mitosis 0.0011 535 1102 688 1211
mitosis 0.0011 862 869 1032 1021
mitosis 0.0011 1470 1157 1503 1190
mitosis 0.0011 29 539 119 588
mitosis 0.0011 -5 1124 86 1207
mitosis 0.0011 1531 416 1595 481
mitosis 0.0011 -17 1262 127 1399
mitosis 0.0011 41 1355 112 1423
mitosis 0.0011 560 793 598 823
mitosis 0.0011 341 590 435 653
mitosis 0.0011 89 921 232 1024
mitosis 0.0011 161 1275 251 1340
mitosis 0.0010 1257 1282 1340 1361
mitosis 0.0010 533 1005 722 1159
mitosis 0.0010 1277 657 1313 691
mitosis 0.0010 569 658 624 706
mitosis 0.0010 872 1110 1003 1232
mitosis 0.0010 -5 -2 101 93
mitosis 0.0010 1044 1174 1100 1221
mitosis 0.0010 146 1263 204 1305
mitosis 0.0010 879 1003 1038 1152
mitosis 0.0010 188 698 237 745
mitosis 0.0010 226 2 308 41
mitosis 0.0010 1287 780 1336 822
mitosis 0.0010 1628 1337 1664 1388
mitosis 0.0010 465 876 639 1020
mitosis 0.0010 1318 149 1360 186
mitosis 0.0010 725 3 799 33
mitosis 0.0010 1497 846 1596 930
mitosis 0.0010 178 1307 249 1364
mitosis 0.0010 23 543 152 673
mitosis 0.0010 1565 1099 1659 1211
mitosis 0.0010 727 79 789 126
