mitosis 0.5438 46 429 113 484
mitosis 0.5307 621 1177 697 1242
mitosis 0.4571 200 1091 286 1166
mitosis 0.1076 255 692 301 741
mitosis 0.0755 875 332 924 377
mitosis 0.0204 122 1079 289 1236
mitosis 0.0201 997 1382 1049 1434
mitosis 0.0195 697 23 779 95
mitosis 0.0190 1195 441 1245 502
mitosis 0.0189 -196 823 599 1461
mitosis 0.0180 1440 87 1486 135
mitosis 0.0160 198 1087 354 1229
mitosis 0.0152 1209 0 1247 41
mitosis 0.0149 1370 1091 1407 1134
mitosis 0.0138 543 1147 702 1312
mitosis 0.0138 265 934 970 1499
mitosis 0.0115 1241 1024 1282 1078
mitosis 0.0110 1621 1075 1653 1115
mitosis 0.0109 256 672 313 753
mitosis 0.0104 623 1159 766 1302
mitosis 0.0099 127 1042 279 1156
mitosis 0.0097 1285 1296 1324 1337
mitosis 0.0089 1225 985 1257 1019
mitosis 0.0089 254 649 347 736
mitosis 0.0081 373 79 412 114
mitosis 0.0079 -38 400 111 570
mitosis 0.0075 1631 1279 1662 1334
mitosis 0.0074 659 1456 721 1488
mitosis 0.0066 -345 166 421 781
mitosis 0.0062 988 1368 1068 1437
mitosis 0.0060 1639 665 1662 708
mitosis 0.0058 870 315 933 390
mitosis 0.0055 53 417 166 556
mitosis 0.0055 1476 1318 1514 1364
mitosis 0.0054 539 1103 696 1230
mitosis 0.0054 127 1182 175 1222
mitosis 0.0053 635 614 677 653
mitosis 0.0052 881 479 924 520
mitosis 0.0052 200 1046 355 1154
mitosis 0.0052 261 620 349 698
mitosis 0.0051 674 58 715 98
mitosis 0.0049 42 367 176 487
mitosis 0.0047 1179 433 1262 516
mitosis 0.0042 1620 1206 1649 1243
mitosis 0.0041 275 626 333 683
mitosis 0.0041 645 1184 714 1244
mitosis 0.0039 616 1114 770 1229
mitosis 0.0039 34 434 107 510
mitosis 0.0039 1509 847 1544 886
mitosis 0.0038 66 434 146 487
mitosis 0.0037 606 1189 699 1270
mitosis 0.0037 1143 69 1177 107
mitosis 0.0037 1539 1288 1568 1326
mitosis 0.0036 229 41 286 103
mitosis 0.0036 1641 1412 1663 1449
mitosis 0.0035 -34 360 110 486
mitosis 0.0033 947 1076 986 1113
mitosis 0.0031 1472 487 1504 519
mitosis 0.0031 1488 1192 1526 1242
mitosis 0.0029 913 50 955 88
mitosis 0.0029 4 333 44 373
mitosis 0.0029 213 26 307 111
mitosis 0.0028 1402 1374 1430 1408
mitosis 0.0027 738 712 787 760
mitosis 0.0027 1337 1451 1370 1483
mitosis 0.0027 274 1369 334 1418
mitosis 0.0027 322 208 360 243
mitosis 0.0025 600 459 647 502
mitosis 0.0025 1337 435 1365 466
mitosis 0.0024 1238 1005 1294 1088
mitosis 0.0023 1320 20 1358 58
mitosis 0.0023 660 139 701 173
mitosis 0.0023 1526 981 1564 1030
mitosis 0.0023 675 1455 747 1487
mitosis 0.0022 774 1455 821 1488
mitosis 0.0022 1613 1202 1658 1251
mitosis 0.0022 229 1107 301 1169
mitosis 0.0022 1636 1260 1661 1306
mitosis 0.0022 515 1196 566 1247
mitosis 0.0021 195 1113 274 1182
mitosis 0.0020 169 0 230 37
mitosis 0.0020 430 964 524 1037
mitosis 0.0020 1250 1305 1279 1339
mitosis 0.0019 13 1461 62 1483
mitosis 0.0019 770 583 808 620
mitosis 0.0019 204 1262 248 1320
mitosis 0.0019 1371 1347 1401 1384
mitosis 0.0019 -1 458 62 520
mitosis 0.0018 629 1144 713 1236
mitosis 0.0018 1562 46 1588 82
mitosis 0.0017 900 801 951 845
mitosis 0.0017 771 74 821 130
mitosis 0.0017 1243 1394 1293 1451
mitosis 0.0017 1493 1312 1530 1356
mitosis 0.0017 519 746 566 787
mitosis 0.0017 971 537 1012 581
mitosis 0.0016 363 20 406 48
mitosis 0.0016 997 1348 1095 1431
mitosis 0.0016 33 1461 89 1485
mitosis 0.0016 -3 52 18 93
mitosis 0.0016 593 1169 679 1246
mitosis 0.0016 1341 260 1375 304
mitosis 0.0016 620 30 781 195
mitosis 0.0016 413 5 516 84
mitosis 0.0016 177 72 224 111
mitosis 0.0016 1370 1070 1423 1147
mitosis 0.0016 -13 308 105 423
mitosis 0.0015 642 10 743 93
mitosis 0.0015 1628 1295 1666 1377
mitosis 0.0015 1640 681 1662 732
mitosis 0.0015 1418 57 1500 145
mitosis 0.0014 1603 1063 1659 1137
mitosis 0.0014 939 1073 1042 1160
mitosis 0.0014 1377 1087 1420 1129
mitosis 0.0014 1177 456 1239 518
mitosis 0.0014 1444 219 1474 263
mitosis 0.0014 771 1376 804 1412
mitosis 0.0014 691 1414 828 1486
mitosis 0.0014 1282 1280 1319 1325
mitosis 0.0014 628 -9 787 114
mitosis 0.0013 343 -333 1055 395
mitosis 0.0013 1378 355 1417 391
mitosis 0.0013 425 1416 469 1451
mitosis 0.0013 989 1140 1037 1181
mitosis 0.0013 7 438 81 501
mitosis 0.0013 25 1390 186 1480
mitosis 0.0013 1089 1467 1126 1487
mitosis 0.0013 110 1132 217 1207
mitosis 0.0012 28 415 100 478
mitosis 0.0012 598 881 692 953
mitosis 0.0012 1367 1389 1416 1447
mitosis 0.0012 898 38 951 88
mitosis 0.0012 444 967 502 1024
mitosis 0.0012 1360 1399 1404 1458
mitosis 0.0012 253 1364 356 1435
mitosis 0.0012 234 676 302 735
mitosis 0.0012 1627 1355 1666 1443
mitosis 0.0012 992 1385 1124 1474
mitosis 0.0012 427 1431 469 1462
mitosis 0.0012 664 1421 777 1482
mitosis 0.0012 972 628 1009 670
mitosis 0.0012 989 1390 1037 1444
mitosis 0.0012 617 0 662 20
mitosis 0.0012 1339 1436 1382 1482
mitosis 0.0012 9 448 107 535
mitosis 0.0011 434 24 492 77
mitosis 0.0011 -10 1380 114 1477
mitosis 0.0011 764 1421 847 1491
mitosis 0.0011 531 1176 649 1258
mitosis 0.0011 1332 1378 1454 1470
mitosis 0.0011 226 660 348 769
mitosis 0.0011 135 589 298 715
mitosis 0.0011 264 625 458 778
mitosis 0.0011 782 502 817 542
mitosis 0.0011 1444 249 1476 298
mitosis 0.0011 47 883 104 933
mitosis 0.0011 1471 481 1513 531
mitosis 0.0011 -9 568 116 693
mitosis 0.0010 111 1124 163 1187
mitosis 0.0010 92 1148 194 1226
mitosis 0.0010 1344 1007 1369 1036
mitosis 0.0010 -174 164 885 1246
mitosis 0.0010 1625 659 1666 708
mitosis 0.0010 694 -17 863 116
mitosis 0.0010 865 931 1048 1105
mitosis 0.0010 1508 4 1540 34
mitosis 0.0010 1130 431 1232 525
mitosis 0.0010 196 51 281 109
mitosis 0.0010 459 875 634 1008
mitosis 0.0010 37 813 153 928
mitosis 0.0010 1029 1340 1066 1376
mitosis 0.0010 -1 1102 123 1208
mitosis 0.0010 780 1154 960 1307
mitosis 0.0010 1406 39 1443 77
mitosis 0.0010 280 613 320 656
mitosis 0.0010 1006 1345 1064 1420
mitosis 0.0010 1535 716 1596 764
mitosis 0.0010 607 869 679 935
