mitosis 0.1641 1493 6 1540 49
mitosis 0.1061 576 783 632 840
mitosis 0.0922 128 133 194 189
mitosis 0.0477 1425 247 1472 295
mitosis 0.0306 355 145 418 199
mitosis 0.0283 964 519 1019 574
mitosis 0.0225 1566 1144 1604 1178
mitosis 0.0132 1186 104 1231 155
mitosis 0.0110 850 47 913 124
mitosis 0.0104 1069 419 1121 473
mitosis 0.0079 1486 -5 1547 60
mitosis 0.0076 313 200 355 234
mitosis 0.0072 12 321 61 363
mitosis 0.0071 1346 1120 1403 1173
mitosis 0.0061 1368 1021 1406 1062
mitosis 0.0055 1449 1411 1510 1466
mitosis 0.0052 1085 335 1125 375
mitosis 0.0047 1505 9 1558 44
mitosis 0.0047 0 1324 53 1402
mitosis 0.0047 919 856 968 895
mitosis 0.0047 278 1418 321 1452
mitosis 0.0043 1490 1153 1536 1185
mitosis 0.0043 1417 233 1479 307
mitosis 0.0043 950 514 1036 589
mitosis 0.0042 486 1448 531 1483
mitosis 0.0041 -3 1284 44 1359
mitosis 0.0041 90 1370 128 1404
mitosis 0.0040 135 705 179 742
mitosis 0.0039 892 1085 947 1129
mitosis 0.0038 65 1164 110 1205
mitosis 0.0038 555 779 646 850
mitosis 0.0036 326 179 397 236
mitosis 0.0035 239 1374 279 1410
mitosis 0.0035 1 1284 37 1325
mitosis 0.0034 7 1366 55 1414
mitosis 0.0033 1056 382 1143 473
mitosis 0.0033 682 583 717 623
mitosis 0.0032 54 1150 114 1198
mitosis 0.0030 1445 1401 1549 1477
mitosis 0.0029 792 1347 838 1384
mitosis 0.0029 22 1129 63 1170
mitosis 0.0028 228 88 272 125
mitosis 0.0028 568 1219 618 1259
mitosis 0.0028 257 455 304 495
mitosis 0.0028 873 1071 977 1136
mitosis 0.0027 39 70 199 182
mitosis 0.0027 882 1407 994 1477
mitosis 0.0027 389 136 453 184
mitosis 0.0027 1167 56 1261 161
mitosis 0.0027 1001 552 1046 595
mitosis 0.0027 44 136 190 253
mitosis 0.0026 366 121 465 194
mitosis 0.0026 509 574 557 620
mitosis 0.0025 320 195 374 237
mitosis 0.0025 394 364 441 405
mitosis 0.0025 1477 1062 1534 1104
mitosis 0.0024 115 128 270 253
mitosis 0.0024 -211 -268 434 471
mitosis 0.0023 88 303 140 347
mitosis 0.0022 1570 718 1652 800
mitosis 0.0022 704 1324 769 1372
mitosis 0.0021 996 10 1049 60
mitosis 0.0020 358 201 396 241
mitosis 0.0020 1299 1015 1339 1056
mitosis 0.0020 677 27 772 122
mitosis 0.0018 679 370 780 460
mitosis 0.0018 42 0 176 123
mitosis 0.0018 115 65 281 183
mitosis 0.0018 761 685 797 719
mitosis 0.0017 1566 783 1662 894
mitosis 0.0017 946 1436 1002 1476
mitosis 0.0017 372 1287 424 1331
mitosis 0.0017 345 1352 398 1395
mitosis 0.0017 338 1362 382 1399
mitosis 0.0017 922 1423 1009 1482
mitosis 0.0017 974 0 1066 80
mitosis 0.0016 541 791 686 918
mitosis 0.0016 1073 343 1130 405
mitosis 0.0016 254 1323 289 1354
mitosis 0.0016 275 1259 319 1300
mitosis 0.0015 727 16 887 139
mitosis 0.0015 1368 577 1469 664
mitosis 0.0015 309 145 417 221
mitosis 0.0015 962 528 1049 616
mitosis 0.0015 699 53 761 117
mitosis 0.0015 820 44 916 190
mitosis 0.0015 1579 735 1638 787
mitosis 0.0015 1074 365 1120 409
mitosis 0.0015 693 384 757 448
mitosis 0.0014 307 1092 344 1117
mitosis 0.0014 1180 80 1241 164
mitosis 0.0014 1381 246 1460 307
mitosis 0.0014 1060 319 1159 420
mitosis 0.0014 617 640 810 792
mitosis 0.0014 1521 1393 1642 1479
mitosis 0.0014 1631 225 1662 275
mitosis 0.0013 32 294 136 365
mitosis 0.0013 952 284 989 326
mitosis 0.0013 421 1193 470 1235
mitosis 0.0013 0 0 109 97
mitosis 0.0013 261 1406 324 1457
mitosis 0.0013 584 792 657 848
mitosis 0.0013 969 461 1078 565
mitosis 0.0013 1334 1195 1390 1238
mitosis 0.0013 1338 948 1383 996
mitosis 0.0013 1384 151 1506 295
mitosis 0.0013 797 671 841 716
mitosis 0.0012 450 277 482 312
mitosis 0.0012 599 1376 641 1411
mitosis 0.0012 570 750 642 835
mitosis 0.0012 0 312 90 383
mitosis 0.0012 4 1116 59 1179
mitosis 0.0012 1316 1385 1487 1485
mitosis 0.0012 58 1442 101 1477
mitosis 0.0012 878 -2 1018 98
mitosis 0.0012 562 1412 601 1437
mitosis 0.0012 123 -1 274 138
mitosis 0.0012 189 59 338 156
mitosis 0.0012 116 470 1114 1217
mitosis 0.0012 103 686 212 760
mitosis 0.0011 657 303 787 437
mitosis 0.0011 332 1120 371 1151
mitosis 0.0011 1056 329 1124 389
mitosis 0.0011 758 1219 826 1268
mitosis 0.0011 486 1431 532 1473
mitosis 0.0011 -1 42 126 153
mitosis 0.0011 327 -248 1402 450
mitosis 0.0011 222 1453 275 1485
mitosis 0.0011 1354 992 1401 1047
mitosis 0.0011 1564 851 1665 962
mitosis 0.0011 284 1272 327 1306
mitosis 0.0011 575 763 685 847
mitosis 0.0011 1140 1399 1289 1480
mitosis 0.0011 1334 1108 1422 1178
mitosis 0.0011 307 1305 344 1333
mitosis 0.0010 236 410 347 500
mitosis 0.0010 296 143 457 249
mitosis 0.0010 43 524 82 550
mitosis 0.0010 544 676 690 828
mitosis 0.0010 1492 1 1597 117
mitosis 0.0010 963 1 1088 130
mitosis 0.0010 -7 424 110 545
mitosis 0.0010 1539 1120 1637 1193
mitosis 0.0010 1135 1327 1284 1461
mitosis 0.0010 -6 1311 87 1414
mitosis 0.0010 705 286 855 426
mitosis 0.0010 -53 -82 302 170
mitosis 0.0010 -11 642 122 768
mitosis 0.0010 364 121 531 252
mitosis 0.0010 1500 1103 1623 1190
mitosis 0.0010 1498 653 1643 781
mitosis 0.0010 776 425 948 574
mitosis 0.0010 1522 9 1622 99
mitosis 0.0010 124 719 267 812
mitosis 0.0010 461 1282 512 1328
mitosis 0.0010 1026 1395 1215 1492
