mitosis 0.6190 547 246 620 310
mitosis 0.5585 1235 1243 1293 1291
mitosis 0.4079 593 1095 647 1148
mitosis 0.2506 1378 1163 1429 1203
mitosis 0.1804 628 822 721 891
mitosis 0.1275 1468 281 1535 338
mitosis 0.0799 1255 658 1345 730
mitosis 0.0612 1635 1410 1665 1443
mitosis 0.0530 135 1380 184 1427
mitosis 0.0470 1486 881 1545 934
mitosis 0.0336 1294 687 1351 735
mitosis 0.0291 865 370 931 433
mitosis 0.0287 1151 1371 1204 1419
mitosis 0.0284 536 253 598 305
mitosis 0.0227 1295 68 1348 124
mitosis 0.0202 154 1150 199 1197
mitosis 0.0170 584 1107 644 1190
mitosis 0.0134 905 716 957 757
mitosis 0.0122 154 387 187 424
mitosis 0.0117 1370 1149 1439 1216
mitosis 0.0112 1624 1424 1661 1464
mitosis 0.0111 206 -44 859 551
mitosis 0.0111 1143 1054 1180 1092
mitosis 0.0110 586 1145 637 1197
mitosis 0.0109 1243 651 1319 717
mitosis 0.0108 893 1184 961 1233
mitosis 0.0108 623 802 768 926
mitosis 0.0099 610 802 783 1040
mitosis 0.0099 320 456 1078 1219
mitosis 0.0096 471 203 606 339
mitosis 0.0095 447 236 615 432
mitosis 0.0091 863 359 917 413
mitosis 0.0088 1006 307 1053 355
mitosis 0.0088 572 1095 657 1165
mitosis 0.0083 528 797 713 931
mitosis 0.0081 548 212 674 333
mitosis 0.0080 1602 1439 1655 1478
mitosis 0.0078 1217 637 1355 787
mitosis 0.0074 534 249 682 422
mitosis 0.0069 402 469 441 507
mitosis 0.0067 1491 1119 1533 1153
mitosis 0.0066 864 362 1702 1030
mitosis 0.0064 604 1093 670 1152
mitosis 0.0064 1428 761 1468 801
mitosis 0.0063 601 40 658 89
mitosis 0.0063 212 64 268 121
mitosis 0.0062 831 904 876 942
mitosis 0.0057 1393 557 1434 595
mitosis 0.0055 32 1270 60 1301
mitosis 0.0054 44 1388 81 1423
mitosis 0.0049 433 541 473 579
mitosis 0.0048 1266 629 1449 781
mitosis 0.0046 890 126 927 162
mitosis 0.0045 1210 1103 1252 1148
mitosis 0.0044 1246 653 1292 705
mitosis 0.0043 1278 60 1361 139
mitosis 0.0041 466 116 532 176
mitosis 0.0041 222 102 266 144
mitosis 0.0040 1241 1337 1284 1376
mitosis 0.0040 364 619 403 656
mitosis 0.0038 1142 1352 1207 1432
mitosis 0.0037 1205 1045 1240 1073
mitosis 0.0035 596 1443 669 1483
mitosis 0.0034 1384 277 1521 402
mitosis 0.0033 117 893 163 942
mitosis 0.0031 1044 37 1845 618
mitosis 0.0030 950 1450 991 1482
mitosis 0.0030 831 1456 876 1485
mitosis 0.0030 592 26 678 96
mitosis 0.0030 1342 920 1384 959
mitosis 0.0028 1277 669 1373 753
mitosis 0.0028 633 787 721 874
mitosis 0.0028 538 482 576 517
mitosis 0.0027 620 837 696 900
mitosis 0.0027 514 1185 548 1212
mitosis 0.0027 119 1371 201 1435
mitosis 0.0026 -4 1353 22 1392
mitosis 0.0026 404 571 436 603
mitosis 0.0026 200 44 291 141
mitosis 0.0026 1214 598 1350 712
mitosis 0.0026 1231 1265 1300 1345
mitosis 0.0025 879 708 974 770
mitosis 0.0025 584 1071 675 1148
mitosis 0.0024 128 1130 219 1206
mitosis 0.0024 1461 294 1516 345
mitosis 0.0024 6 1328 49 1376
mitosis 0.0024 757 257 807 297
mitosis 0.0024 1272 608 1328 652
mitosis 0.0024 1501 887 1565 939
mitosis 0.0023 483 660 525 690
mitosis 0.0023 622 745 749 860
mitosis 0.0022 558 1084 674 1226
mitosis 0.0022 103 1452 150 1484
mitosis 0.0022 1362 1157 1414 1204
mitosis 0.0021 1624 63 1659 106
mitosis 0.0021 1233 1211 1322 1290
mitosis 0.0021 505 1305 540 1335
mitosis 0.0020 4 1285 29 1319
mitosis 0.0020 732 614 784 660
mitosis 0.0020 1579 1408 1663 1479
mitosis 0.0019 1325 122 1358 158
mitosis 0.0019 17 1165 58 1208
mitosis 0.0018 1255 187 1288 218
mitosis 0.0018 1126 291 1172 327
mitosis 0.0017 823 529 886 580
mitosis 0.0017 1470 274 1582 396
mitosis 0.0017 903 325 1022 409
mitosis 0.0017 813 344 936 489
mitosis 0.0017 1373 1138 1426 1194
mitosis 0.0017 180 828 1060 1441
mitosis 0.0016 155 664 194 707
mitosis 0.0016 553 1036 679 1152
mitosis 0.0016 717 1430 781 1481
mitosis 0.0016 255 481 284 511
mitosis 0.0016 603 1420 717 1488
mitosis 0.0015 1051 1374 1197 1478
mitosis 0.0015 463 110 563 207
mitosis 0.0015 92 1252 129 1282
mitosis 0.0015 1228 661 1290 721
mitosis 0.0015 1242 1401 1281 1440
mitosis 0.0015 996 287 1078 360
mitosis 0.0015 1479 253 1554 324
mitosis 0.0015 704 40 747 80
mitosis 0.0015 613 11 683 69
mitosis 0.0015 1099 149 1138 186
mitosis 0.0014 1515 1212 1564 1254
mitosis 0.0014 278 1455 324 1482
mitosis 0.0014 876 349 921 388
mitosis 0.0014 0 1025 43 1068
mitosis 0.0014 541 207 634 303
mitosis 0.0014 422 80 1303 727
mitosis 0.0014 570 271 665 334
mitosis 0.0014 528 835 713 1018
mitosis 0.0013 1300 84 1358 142
mitosis 0.0013 1567 5 1650 89
mitosis 0.0013 880 1191 951 1248
mitosis 0.0013 893 1190 976 1277
mitosis 0.0013 1281 1206 1338 1258
mitosis 0.0013 1497 249 1538 287
mitosis 0.0013 973 1412 1081 1484
mitosis 0.0013 875 1155 1021 1303
mitosis 0.0013 1089 1239 1299 1378
mitosis 0.0012 1208 1235 1342 1371
mitosis 0.0012 1231 1218 1289 1282
mitosis 0.0012 497 663 532 692
mitosis 0.0012 559 245 654 318
mitosis 0.0012 131 1357 180 1417
mitosis 0.0012 848 1458 894 1487
mitosis 0.0012 702 1419 805 1485
mitosis 0.0012 633 2 681 41
mitosis 0.0012 352 1097 702 1235
mitosis 0.0012 1451 1395 1498 1434
mitosis 0.0012 436 805 484 846
mitosis 0.0012 1439 843 1558 942
mitosis 0.0012 1620 1401 1663 1447
mitosis 0.0011 780 1033 810 1061
mitosis 0.0011 537 324 703 491
mitosis 0.0011 1468 222 1584 331
mitosis 0.0011 1013 1422 1073 1477
mitosis 0.0011 871 334 953 412
mitosis 0.0011 98 882 188 955
mitosis 0.0011 1141 516 1179 550
mitosis 0.0011 1388 228 1513 323
mitosis 0.0011 868 792 913 829
mitosis 0.0011 597 1067 774 1221
mitosis 0.0011 1131 600 1168 633
mitosis 0.0011 944 1435 999 1487
mitosis 0.0011 1397 547 1444 588
mitosis 0.0011 214 42 276 107
mitosis 0.0011 853 1041 1527 1546
mitosis 0.0011 904 685 960 753
mitosis 0.0011 740 258 796 304
mitosis 0.0010 913 724 969 767
mitosis 0.0010 1209 1178 1349 1299
mitosis 0.0010 168 485 204 519
mitosis 0.0010 783 -12 933 99
mitosis 0.0010 356 1340 395 1377
mitosis 0.0010 159 393 204 430
mitosis 0.0010 550 1137 626 1202
mitosis 0.0010 462 325 631 488
mitosis 0.0010 495 877 1398 1543
mitosis 0.0010 698 921 872 1090
mitosis 0.0010 577 1039 650 1128
mitosis 0.0010 671 730 858 878
mitosis 0.0010 38 1269 74 1301
mitosis 0.0010 364 1400 533 1493
mitosis 0.0010 970 1346 1107 1479
mitosis 0.0010 618 925 789 1100
mitosis 0.0010 1386 -9 1530 101
mitosis 0.0010 1340 1169 1414 1233
mitosis 0.0010 55 636 180 737
