mitosis 0.3467 261 300 339 359
mitosis 0.3007 632 1140 676 1175
mitosis 0.2372 41 195 79 231
mitosis 0.2176 395 742 461 797
mitosis 0.1788 1591 1197 1641 1240
mitosis 0.1419 401 1092 466 1147
mitosis 0.1151 731 443 792 492
mitosis 0.0685 1110 1005 1166 1052
mitosis 0.0556 1404 255 1448 303
mitosis 0.0387 15 190 83 263
mitosis 0.0357 1203 1442 1236 1478
mitosis 0.0275 1 223 54 287
mitosis 0.0200 278 680 310 709
mitosis 0.0193 1236 1411 1275 1449
mitosis 0.0172 1591 1181 1653 1249
mitosis 0.0164 1388 259 1442 312
mitosis 0.0157 1212 1422 1267 1476
mitosis 0.0128 658 411 727 474
mitosis 0.0109 1117 1117 1163 1155
mitosis 0.0107 294 616 340 659
mitosis 0.0104 256 1414 298 1454
mitosis 0.0104 977 1299 1004 1326
mitosis 0.0096 623 1124 686 1193
mitosis 0.0093 720 424 795 505
mitosis 0.0081 377 276 416 321
mitosis 0.0068 1347 263 1399 312
mitosis 0.0067 1347 270 1414 329
mitosis 0.0066 704 720 746 762
mitosis 0.0065 611 1131 664 1173
mitosis 0.0061 1059 1216 1090 1250
mitosis 0.0060 1526 910 1571 953
mitosis 0.0056 1071 1151 1107 1183
mitosis 0.0056 273 1315 314 1354
mitosis 0.0055 50 652 114 703
mitosis 0.0053 464 134 496 165
mitosis 0.0049 1 1056 23 1089
mitosis 0.0049 1372 306 1410 344
mitosis 0.0046 226 279 348 412
mitosis 0.0046 1508 1334 1551 1371
mitosis 0.0046 1100 983 1171 1064
mitosis 0.0045 1138 1165 1181 1208
mitosis 0.0043 -100 0 662 641
mitosis 0.0041 652 1341 691 1383
mitosis 0.0041 1125 1126 1184 1186
mitosis 0.0039 973 1282 1006 1315
mitosis 0.0038 1254 445 1292 479
mitosis 0.0038 950 1396 981 1427
mitosis 0.0038 1108 765 1145 802
mitosis 0.0038 153 466 199 506
mitosis 0.0037 1180 1031 1217 1068
mitosis 0.0037 596 1128 633 1163
mitosis 0.0036 1364 247 1450 315
mitosis 0.0036 41 638 131 716
mitosis 0.0036 239 1265 280 1307
mitosis 0.0034 52 195 99 231
mitosis 0.0032 1211 1080 1261 1131
mitosis 0.0032 1152 109 1201 158
mitosis 0.0030 1224 799 1270 850
mitosis 0.0028 1606 1104 1641 1137
mitosis 0.0028 748 1116 788 1149
mitosis 0.0027 1086 595 1129 633
mitosis 0.0027 274 260 444 416
mitosis 0.0027 93 1269 121 1299
mitosis 0.0026 684 1167 722 1202
mitosis 0.0026 503 963 550 1007
mitosis 0.0025 789 465 832 506
mitosis 0.0025 1143 1151 1197 1204
mitosis 0.0025 1572 1199 1653 1268
mitosis 0.0025 407 753 477 808
mitosis 0.0024 726 446 821 535
mitosis 0.0023 481 1005 521 1042
mitosis 0.0023 1413 0 1463 37
mitosis 0.0022 94 306 135 350
mitosis 0.0021 291 1352 328 1389
mitosis 0.0021 227 228 334 342
mitosis 0.0021 1210 1394 1311 1465
mitosis 0.0021 1287 1130 1319 1159
mitosis 0.0020 1230 96 1269 132
mitosis 0.0020 22 16 70 59
mitosis 0.0019 249 1272 286 1320
mitosis 0.0019 525 204 569 246
mitosis 0.0019 941 724 980 761
mitosis 0.0018 1039 641 1207 800
mitosis 0.0018 203 341 357 486
mitosis 0.0017 716 415 843 560
mitosis 0.0017 447 468 495 511
mitosis 0.0017 73 1339 125 1384
mitosis 0.0017 609 163 646 200
mitosis 0.0017 829 598 859 626
mitosis 0.0017 361 725 466 807
mitosis 0.0017 1192 1413 1291 1475
mitosis 0.0017 759 611 854 683
mitosis 0.0017 276 720 471 861
mitosis 0.0017 776 626 821 675
mitosis 0.0017 973 1264 1005 1294
mitosis 0.0017 852 566 1050 715
mitosis 0.0017 10 1461 56 1488
mitosis 0.0016 477 965 574 1033
mitosis 0.0016 370 1083 528 1216
mitosis 0.0016 857 481 1054 640
mitosis 0.0016 191 457 224 489
mitosis 0.0016 402 1066 486 1155
mitosis 0.0016 762 472 949 634
mitosis 0.0016 1182 40 1292 151
mitosis 0.0016 775 1401 821 1440
mitosis 0.0016 1345 1400 1526 1487
mitosis 0.0015 849 403 1050 572
mitosis 0.0015 750 342 929 505
mitosis 0.0015 1107 543 1233 641
mitosis 0.0015 -6 442 727 1114
mitosis 0.0015 409 1403 441 1433
mitosis 0.0015 1557 5 1653 110
mitosis 0.0015 122 792 156 825
mitosis 0.0015 1587 921 1621 953
mitosis 0.0015 789 1163 941 1295
mitosis 0.0015 296 520 333 553
mitosis 0.0014 954 492 1152 650
mitosis 0.0014 386 721 518 850
mitosis 0.0014 1558 1059 1668 1179
mitosis 0.0014 339 120 1213 815
mitosis 0.0014 1548 1326 1666 1438
mitosis 0.0014 672 705 779 777
mitosis 0.0014 1158 416 1314 576
mitosis 0.0014 1130 606 1291 762
mitosis 0.0014 1063 556 1201 659
mitosis 0.0014 964 203 1101 311
mitosis 0.0013 1489 826 1622 960
mitosis 0.0013 1041 411 1215 574
mitosis 0.0013 640 520 669 554
mitosis 0.0013 642 573 808 723
mitosis 0.0013 221 1096 518 1222
mitosis 0.0013 537 795 698 932
mitosis 0.0013 1442 1235 1474 1266
mitosis 0.0013 1632 253 1662 300
mitosis 0.0013 618 1147 668 1188
mitosis 0.0013 1152 307 1262 394
mitosis 0.0013 1215 28 1302 129
mitosis 0.0013 970 1291 1013 1326
mitosis 0.0013 707 196 855 327
mitosis 0.0013 848 1210 880 1242
mitosis 0.0013 1279 223 1412 338
mitosis 0.0013 1245 1401 1430 1478
mitosis 0.0013 23 293 356 418
mitosis 0.0013 1201 1134 1236 1174
mitosis 0.0013 1169 554 1229 600
mitosis 0.0013 606 408 790 574
mitosis 0.0013 1393 -8 1503 64
mitosis 0.0012 1557 1380 1672 1471
mitosis 0.0012 931 640 1130 794
mitosis 0.0012 611 1154 671 1210
mitosis 0.0012 952 406 1132 573
mitosis 0.0012 768 453 837 508
mitosis 0.0012 413 174 455 212
mitosis 0.0012 1189 613 1237 659
mitosis 0.0012 1535 1187 1566 1214
mitosis 0.0012 6 2 96 77
mitosis 0.0012 1397 236 1451 293
mitosis 0.0012 1012 573 1162 686
mitosis 0.0012 1541 796 1670 923
mitosis 0.0012 1524 1290 1561 1318
mitosis 0.0012 793 211 929 322
mitosis 0.0012 990 1060 1028 1094
mitosis 0.0012 607 57 647 98
mitosis 0.0012 1150 543 1254 625
mitosis 0.0012 1549 217 1663 323
mitosis 0.0012 -1 62 26 111
mitosis 0.0012 772 1223 951 1377
mitosis 0.0012 1180 333 1238 379
mitosis 0.0012 863 327 1050 490
mitosis 0.0011 30 1172 70 1207
mitosis 0.0011 1547 580 1669 716
mitosis 0.0011 21 1457 66 1483
mitosis 0.0011 175 194 1711 1057
mitosis 0.0011 1114 1026 1240 1128
mitosis 0.0011 1058 902 1196 1057
mitosis 0.0011 897 200 1042 315
mitosis 0.0011 368 253 430 342
mitosis 0.0011 769 1089 932 1232
mitosis 0.0011 603 1186 638 1215
mitosis 0.0011 1201 783 1300 857
mitosis 0.0011 1185 1422 1244 1494
mitosis 0.0011 -20 856 729 1449
mitosis 0.0011 1545 107 1665 243
mitosis 0.0011 745 124 780 161
mitosis 0.0011 1448 -6 1586 91
mitosis 0.0011 1549 1156 1681 1309
mitosis 0.0011 627 787 794 934
mitosis 0.0011 386 674 498 785
mitosis 0.0011 1604 1094 1652 1143
mitosis 0.0011 175 455 223 498
mitosis 0.0011 678 1140 849 1295
mitosis 0.0011 927 1394 1081 1482
mitosis 0.0011 1573 1146 1658 1242
mitosis 0.0010 439 785 610 927
mitosis 0.0010 1265 272 1400 369
mitosis 0.0010 692 -15 851 98
mitosis 0.0010 673 0 715 21
mitosis 0.0010 1543 730 1667 854
mitosis 0.0010 16 173 106 245
mitosis 0.0010 1460 555 1507 600
mitosis 0.0010 563 899 604 931
mitosis 0.0010 994 1172 1137 1290
mitosis 0.0010 1126 1092 1242 1190
mitosis 0.0010 629 1131 719 1210
mitosis 0.0010 267 684 305 718
mitosis 0.0010 1048 756 1198 896
mitosis 0.0010 1223 416 1355 521
mitosis 0.0010 5 14 113 149
mitosis 0.0010 1053 206 1194 327
mitosis 0.0010 1004 1203 1036 1232
mitosis 0.0010 2 229 83 311
mitosis 0.0010 984 1095 1154 1235
mitosis 0.0010 1539 944 1661 1076
mitosis 0.0010 1287 1324 1450 1440
mitosis 0.0010 944 1389 974 1423
mitosis 0.0010 1508 897 1617 970
mitosis 0.0010 1220 86 1273 140
mitosis 0.0010 1548 1188 1621 1240
mitosis 0.0010 1150 1018 1214 1070
mitosis 0.0010 594 0 636 32
mitosis 0.0010 1634 234 1664 286
mitosis 0.0010 682 1227 881 1396
mitosis 0.0010 1370 153 1500 287
mitosis 0.0010 341 1203 373 1226
mitosis 0.0010 1532 1108 1666 1238
mitosis 0.0010 966 243 1114 363
mitosis 0.0010 1391 755 1429 788
mitosis 0.0010 427 654 608 793
mitosis 0.0010 957 -8 1088 90
mitosis 0.0010 699 108 845 250
