mitosis 0.4601 363 200 414 245
mitosis 0.4212 675 731 722 774
mitosis 0.2334 502 23 542 65
mitosis 0.1570 717 376 771 423
mitosis 0.1344 1184 189 1235 230
mitosis 0.0933 -2 677 25 725
mitosis 0.0431 444 1143 497 1194
mitosis 0.0328 664 717 728 785
mitosis 0.0241 117 1145 166 1182
mitosis 0.0225 758 1429 794 1459
mitosis 0.0221 343 192 430 250
mitosis 0.0208 82 98 115 123
mitosis 0.0152 709 362 781 434
mitosis 0.0150 414 1372 463 1408
mitosis 0.0121 429 1133 514 1202
mitosis 0.0118 490 9 551 81
mitosis 0.0103 195 1190 236 1232
mitosis 0.0085 1172 170 1247 244
mitosis 0.0080 153 43 183 69
mitosis 0.0079 649 726 710 770
mitosis 0.0070 1633 1380 1667 1439
mitosis 0.0068 985 130 1036 169
mitosis 0.0063 1014 211 1054 254
mitosis 0.0056 1633 1366 1662 1421
mitosis 0.0054 368 180 424 240
mitosis 0.0047 1400 1446 1480 1486
mitosis 0.0047 970 115 1068 188
mitosis 0.0034 420 6 475 40
mitosis 0.0032 98 1130 188 1193
mitosis 0.0032 1027 473 1094 518
mitosis 0.0031 1401 911 1446 953
mitosis 0.0031 299 173 442 344
mitosis 0.0031 -1 1125 18 1158
mitosis 0.0029 127 868 162 902
mitosis 0.0026 986 143 1042 190
mitosis 0.0026 657 131 698 160
mitosis 0.0026 1376 1422 1486 1484
mitosis 0.0025 -1 664 37 746
mitosis 0.0025 152 1154 257 1241
mitosis 0.0025 228 519 276 556
mitosis 0.0025 1 81 34 111
mitosis 0.0025 355 207 411 264
mitosis 0.0024 88 1029 137 1079
mitosis 0.0024 1468 268 1503 294
mitosis 0.0024 1361 1034 1402 1079
mitosis 0.0024 -8 -44 747 546
mitosis 0.0023 432 37 472 66
mitosis 0.0023 471 2 541 55
mitosis 0.0023 735 1006 796 1058
mitosis 0.0022 992 186 1063 248
mitosis 0.0022 1486 306 1513 336
mitosis 0.0022 966 1213 1019 1253
mitosis 0.0022 1512 116 1543 147
mitosis 0.0022 1155 370 1203 407
mitosis 0.0021 1580 854 1625 904
mitosis 0.0021 389 1363 480 1430
mitosis 0.0021 375 1380 413 1414
mitosis 0.0021 1518 623 1557 662
mitosis 0.0021 1619 1360 1669 1437
mitosis 0.0021 733 374 794 426
mitosis 0.0020 1304 123 1444 234
mitosis 0.0020 424 -2 482 23
mitosis 0.0020 242 1008 293 1053
mitosis 0.0019 1014 462 1109 533
mitosis 0.0019 428 1140 532 1238
mitosis 0.0019 499 8 600 78
mitosis 0.0017 1446 710 1484 749
mitosis 0.0016 1265 1093 1316 1133
mitosis 0.0016 1101 115 1142 148
mitosis 0.0016 657 693 774 782
mitosis 0.0016 1566 982 1634 1046
mitosis 0.0016 304 131 442 260
mitosis 0.0016 965 1066 1019 1109
mitosis 0.0015 -3 694 24 755
mitosis 0.0015 106 1151 162 1197
mitosis 0.0015 646 717 688 760
mitosis 0.0015 292 1024 333 1059
mitosis 0.0015 220 497 324 569
mitosis 0.0015 373 1151 527 1301
mitosis 0.0015 365 181 520 330
mitosis 0.0014 -1 47 36 107
mitosis 0.0014 61 1224 104 1257
mitosis 0.0014 1530 975 1632 1058
mitosis 0.0014 1345 167 1404 229
mitosis 0.0014 1358 161 1406 199
mitosis 0.0014 76 91 120 130
mitosis 0.0013 713 993 815 1066
mitosis 0.0013 1027 71 1175 173
mitosis 0.0013 941 1208 1040 1275
mitosis 0.0013 644 727 764 840
mitosis 0.0013 310 496 351 530
mitosis 0.0013 355 141 434 251
mitosis 0.0013 315 331 1082 1054
mitosis 0.0013 1112 149 1246 233
mitosis 0.0013 389 1106 529 1223
mitosis 0.0013 976 119 1028 159
mitosis 0.0012 0 644 32 714
mitosis 0.0012 1397 446 1530 555
mitosis 0.0012 1552 993 1614 1055
mitosis 0.0012 100 1135 157 1181
mitosis 0.0012 293 333 436 492
mitosis 0.0012 375 328 538 498
mitosis 0.0012 73 818 831 1462
mitosis 0.0012 493 733 737 854
mitosis 0.0012 263 1019 324 1060
mitosis 0.0012 1558 667 1597 715
mitosis 0.0012 162 1391 322 1483
mitosis 0.0011 633 346 789 483
mitosis 0.0011 49 1003 146 1078
mitosis 0.0011 1493 40 1635 165
mitosis 0.0011 1467 496 1516 540
mitosis 0.0011 600 0 742 87
mitosis 0.0011 445 1094 618 1218
mitosis 0.0011 1574 827 1641 898
mitosis 0.0011 640 751 778 893
mitosis 0.0011 1391 509 1529 611
mitosis 0.0011 -1 694 41 764
mitosis 0.0011 1383 197 1528 331
mitosis 0.0011 1471 196 1616 350
mitosis 0.0011 363 128 528 249
mitosis 0.0011 413 0 461 21
mitosis 0.0011 1316 162 1438 280
mitosis 0.0010 1637 1406 1664 1461
mitosis 0.0010 -14 663 79 749
mitosis 0.0010 1068 4 1109 36
mitosis 0.0010 365 426 529 582
mitosis 0.0010 1364 650 1410 684
mitosis 0.0010 1549 838 1651 923
mitosis 0.0010 1476 104 1629 248
mitosis 0.0010 753 1427 805 1469
mitosis 0.0010 1054 1297 1100 1333
mitosis 0.0010 51 410 94 441
mitosis 0.0010 97 1182 132 1213
mitosis 0.0010 137 1195 293 1343
mitosis 0.0010 370 202 449 253
mitosis 0.0010 -293 1169 729 1688
mitosis 0.0010 213 337 364 488
mitosis 0.0010 443 500 600 639
mitosis 0.0010 861 -220 1880 585
mitosis 0.0010 420 1344 573 1452
mitosis 0.0010 1476 283 1510 322
mitosis 0.0010 686 373 753 422
mitosis 0.0010 1235 63 1287 104
mitosis 0.0010 1476 265 1626 404
mitosis 0.0010 462 329 623 479
mitosis 0.0010 0 1277 29 1310
mitosis 0.0010 327 119 1066 689
mitosis 0.0010 973 368 1130 506
