mitosis 0.5825 856 788 919 846
mitosis 0.5401 880 523 925 574
mitosis 0.4415 1372 491 1429 549
mitosis 0.4254 94 1285 146 1335
mitosis 0.3751 346 352 391 396
mitosis 0.2933 1414 242 1468 295
mitosis 0.2890 786 224 840 277
mitosis 0.2389 1578 1168 1636 1223
mitosis 0.2161 321 786 376 831
mitosis 0.0902 1623 1196 1664 1241
mitosis 0.0894 719 -5 770 32
mitosis 0.0721 640 45 686 86
mitosis 0.0623 855 1432 910 1471
mitosis 0.0222 871 511 930 590
mitosis 0.0205 96 1268 167 1339
mitosis 0.0198 1181 700 1228 743
mitosis 0.0176 316 769 387 841
mitosis 0.0163 339 340 403 407
mitosis 0.0141 798 300 843 351
mitosis 0.0137 768 212 856 286
mitosis 0.0133 969 238 1004 274
mitosis 0.0132 1169 1351 1207 1385
mitosis 0.0124 1395 1393 1429 1426
mitosis 0.0121 27 245 56 276
mitosis 0.0108 1414 1441 1454 1476
mitosis 0.0104 927 1421 955 1448
mitosis 0.0094 48 303 88 349
mitosis 0.0090 497 305 536 344
mitosis 0.0079 556 476 598 515
mitosis 0.0077 1541 906 1591 952
mitosis 0.0076 773 1455 820 1485
mitosis 0.0071 803 768 933 944
mitosis 0.0069 1357 502 1421 573
mitosis 0.0066 1576 1177 1650 1245
mitosis 0.0065 1293 481 1442 640
mitosis 0.0062 1 857 22 897
mitosis 0.0060 860 791 933 875
mitosis 0.0058 1074 75 1116 118
mitosis 0.0058 1643 578 1664 622
mitosis 0.0056 557 450 1184 1082
mitosis 0.0056 618 28 697 99
mitosis 0.0055 989 249 1739 843
mitosis 0.0055 819 776 908 864
mitosis 0.0046 806 730 930 859
mitosis 0.0044 853 774 1031 931
mitosis 0.0042 408 1113 452 1151
mitosis 0.0041 714 -16 781 53
mitosis 0.0041 734 -4 791 32
mitosis 0.0041 357 353 419 405
mitosis 0.0039 457 384 1420 1292
mitosis 0.0039 113 232 147 271
mitosis 0.0039 1120 1341 1157 1383
mitosis 0.0039 1066 1279 1096 1306
mitosis 0.0039 1125 1375 1153 1401
mitosis 0.0038 492 741 584 820
mitosis 0.0036 862 763 932 840
mitosis 0.0036 49 1420 82 1448
mitosis 0.0035 847 1211 878 1239
mitosis 0.0034 856 721 1030 854
mitosis 0.0034 770 243 859 331
mitosis 0.0034 1415 235 1502 305
mitosis 0.0033 1124 1360 1154 1395
mitosis 0.0033 969 222 1008 262
mitosis 0.0033 1603 1178 1670 1266
mitosis 0.0032 1126 15 1160 44
mitosis 0.0032 999 0 1054 38
mitosis 0.0031 1370 494 1511 621
mitosis 0.0031 1399 216 1479 294
mitosis 0.0031 792 150 934 273
mitosis 0.0031 975 202 1016 241
mitosis 0.0031 847 1416 923 1483
mitosis 0.0030 1560 1157 1626 1213
mitosis 0.0029 773 268 867 359
mitosis 0.0028 538 459 625 535
mitosis 0.0028 727 1 780 43
mitosis 0.0028 871 1443 920 1482
mitosis 0.0026 1302 435 1431 559
mitosis 0.0026 819 464 854 500
mitosis 0.0024 1205 814 2031 1460
mitosis 0.0024 883 1390 922 1427
mitosis 0.0024 1121 -66 1781 555
mitosis 0.0023 1549 1103 1680 1231
mitosis 0.0023 1377 257 1481 364
mitosis 0.0022 850 534 912 591
mitosis 0.0022 1178 682 1242 756
mitosis 0.0022 1366 452 1433 540
mitosis 0.0022 693 0 761 36
mitosis 0.0021 1553 1159 1678 1300
mitosis 0.0021 1261 1246 1294 1280
mitosis 0.0021 1589 1159 1652 1214
mitosis 0.0021 1385 1169 1668 1307
mitosis 0.0020 182 664 220 702
mitosis 0.0019 363 -10 1196 512
mitosis 0.0019 715 192 859 347
mitosis 0.0019 47 1292 178 1451
mitosis 0.0019 64 1252 182 1366
mitosis 0.0019 1371 437 1509 549
mitosis 0.0019 1381 1410 1483 1475
mitosis 0.0018 851 503 918 580
mitosis 0.0018 965 198 1005 250
mitosis 0.0018 1229 217 1482 329
mitosis 0.0018 309 352 379 406
mitosis 0.0018 766 1441 823 1479
mitosis 0.0017 901 126 1047 265
mitosis 0.0017 571 629 615 673
mitosis 0.0017 325 371 373 428
mitosis 0.0017 117 224 171 278
mitosis 0.0017 738 342 772 369
mitosis 0.0017 558 611 654 693
mitosis 0.0017 1269 227 1313 266
mitosis 0.0017 337 783 399 835
mitosis 0.0016 719 125 842 282
mitosis 0.0016 -264 975 508 1591
mitosis 0.0016 1131 0 1237 72
mitosis 0.0016 74 1292 136 1340
mitosis 0.0016 360 1040 407 1081
mitosis 0.0016 335 317 444 399
mitosis 0.0016 770 288 834 351
mitosis 0.0016 1396 323 1451 373
mitosis 0.0016 199 -331 1530 682
mitosis 0.0015 1635 568 1661 625
mitosis 0.0015 1604 121 1636 156
mitosis 0.0015 28 297 78 350
mitosis 0.0015 1296 1186 1344 1223
mitosis 0.0015 658 1 742 61
mitosis 0.0015 720 206 826 299
mitosis 0.0015 764 222 823 279
mitosis 0.0015 1342 470 1424 554
mitosis 0.0014 482 843 520 877
mitosis 0.0014 840 810 906 866
mitosis 0.0014 1405 1410 1560 1488
mitosis 0.0014 1381 507 1445 568
mitosis 0.0014 1388 229 1456 289
mitosis 0.0014 754 1414 801 1452
mitosis 0.0014 778 194 942 345
mitosis 0.0014 882 1202 930 1246
mitosis 0.0014 100 1296 160 1347
mitosis 0.0014 398 192 436 222
mitosis 0.0014 969 -1 1039 40
mitosis 0.0014 1439 356 1479 387
mitosis 0.0014 -118 1254 184 1378
mitosis 0.0014 1095 1175 1127 1200
mitosis 0.0013 1572 1188 1658 1286
mitosis 0.0013 1563 193 1674 340
mitosis 0.0013 551 1135 695 1293
mitosis 0.0013 131 8 181 44
mitosis 0.0013 195 1379 376 1490
mitosis 0.0013 387 -27 530 88
mitosis 0.0012 1556 512 1672 647
mitosis 0.0012 654 72 693 111
mitosis 0.0012 1042 1334 1069 1362
mitosis 0.0012 1356 1310 1390 1343
mitosis 0.0012 1488 1300 1522 1331
mitosis 0.0012 459 1002 615 1147
mitosis 0.0012 11 1392 139 1475
mitosis 0.0012 386 1089 482 1166
mitosis 0.0012 379 656 549 816
mitosis 0.0012 299 783 422 924
mitosis 0.0012 -19 483 117 627
mitosis 0.0012 675 32 1042 371
mitosis 0.0012 1564 97 1667 236
mitosis 0.0012 1028 120 1064 158
mitosis 0.0012 790 323 938 482
mitosis 0.0011 970 -1 1086 74
mitosis 0.0011 7 368 40 398
mitosis 0.0011 1592 114 1627 145
mitosis 0.0011 514 1148 551 1188
mitosis 0.0011 466 1414 511 1452
mitosis 0.0011 707 8 857 168
mitosis 0.0011 191 792 237 829
mitosis 0.0011 467 313 597 468
mitosis 0.0011 22 243 71 288
mitosis 0.0011 800 500 946 629
mitosis 0.0011 301 337 433 484
mitosis 0.0011 1131 1206 1163 1235
mitosis 0.0011 785 779 845 842
mitosis 0.0011 1178 0 1239 45
mitosis 0.0011 -6 1385 91 1466
mitosis 0.0011 478 1134 608 1278
mitosis 0.0011 531 358 687 509
mitosis 0.0011 1117 1298 1247 1410
mitosis 0.0011 934 1299 965 1329
mitosis 0.0011 914 192 1043 304
mitosis 0.0011 399 273 437 298
mitosis 0.0011 -10 476 577 1075
mitosis 0.0011 1134 1077 1188 1123
mitosis 0.0011 1167 1040 1211 1073
mitosis 0.0011 326 818 366 857
mitosis 0.0011 515 29 707 197
mitosis 0.0011 1057 13 1167 98
mitosis 0.0011 638 99 811 272
mitosis 0.0011 359 407 540 567
mitosis 0.0011 1415 344 1476 389
mitosis 0.0011 1308 816 1344 853
mitosis 0.0010 618 13 686 75
mitosis 0.0010 2 1386 55 1448
mitosis 0.0010 12 1398 64 1439
mitosis 0.0010 141 16 176 50
mitosis 0.0010 606 418 790 564
mitosis 0.0010 0 859 33 928
mitosis 0.0010 1378 891 1448 931
mitosis 0.0010 1559 1049 1669 1197
mitosis 0.0010 1559 258 1666 400
mitosis 0.0010 25 -9 716 657
mitosis 0.0010 1567 46 1665 168
mitosis 0.0010 857 823 1023 1007
mitosis 0.0010 1550 433 1670 580
mitosis 0.0010 1176 0 1289 75
mitosis 0.0010 854 640 1018 820
mitosis 0.0010 1384 1112 1674 1233
mitosis 0.0010 37 287 99 374
mitosis 0.0010 125 479 294 638
mitosis 0.0010 1526 896 1609 963
mitosis 0.0010 834 1205 872 1238
mitosis 0.0010 1553 -17 1669 82
mitosis 0.0010 127 612 252 717
mitosis 0.0010 203 749 373 844
mitosis 0.0010 858 1203 916 1253
mitosis 0.0010 579 623 644 678
mitosis 0.0010 804 32 959 173
mitosis 0.0010 927 1432 963 1463
mitosis 0.0010 1239 205 1347 296
mitosis 0.0010 939 402 1121 569
mitosis 0.0010 827 1353 862 1386
