mitosis 0.6254 1170 724 1245 787
mitosis 0.5670 735 356 796 412
mitosis 0.5534 1191 1430 1260 1487
mitosis 0.4820 300 839 379 910
mitosis 0.4612 1475 876 1543 939
mitosis 0.4347 623 145 692 205
mitosis 0.3843 1466 340 1542 406
mitosis 0.3415 49 268 129 337
mitosis 0.3040 969 752 1045 807
mitosis 0.2939 671 653 731 707
mitosis 0.2224 1243 902 1300 954
mitosis 0.2195 1140 -9 1203 43
mitosis 0.1449 277 688 341 746
mitosis 0.1292 578 1207 643 1255
mitosis 0.0971 113 553 169 601
mitosis 0.0579 899 1388 943 1427
mitosis 0.0511 1609 1378 1642 1412
mitosis 0.0302 35 1443 99 1483
mitosis 0.0235 671 1333 734 1389
mitosis 0.0208 1045 975 1084 1014
mitosis 0.0177 78 546 173 616
mitosis 0.0176 603 552 640 586
mitosis 0.0169 653 1316 745 1395
mitosis 0.0160 1081 1184 1121 1221
mitosis 0.0149 28 289 104 344
mitosis 0.0144 42 263 181 417
mitosis 0.0140 724 1065 776 1106
mitosis 0.0135 565 1193 655 1264
mitosis 0.0125 926 34 971 83
mitosis 0.0123 275 839 443 1023
mitosis 0.0115 1133 705 1269 868
mitosis 0.0112 1120 633 1766 1211
mitosis 0.0111 983 738 1109 805
mitosis 0.0110 -268 -31 498 669
mitosis 0.0106 1339 847 1553 1021
mitosis 0.0102 -47 257 120 425
mitosis 0.0101 4 487 734 1186
mitosis 0.0097 810 478 1592 1053
mitosis 0.0095 1459 856 1597 1011
mitosis 0.0094 1457 336 1593 486
mitosis 0.0091 287 809 438 930
mitosis 0.0088 400 1332 429 1364
mitosis 0.0084 1359 343 1534 484
mitosis 0.0081 1336 486 1403 540
mitosis 0.0080 1130 1 1218 56
mitosis 0.0080 1418 651 1454 681
mitosis 0.0079 1159 736 1222 789
mitosis 0.0079 552 113 701 279
mitosis 0.0077 1100 95 1789 716
mitosis 0.0076 1124 1109 1166 1146
mitosis 0.0076 1117 1375 1296 1534
mitosis 0.0075 1129 653 1262 797
mitosis 0.0074 233 -97 1000 450
mitosis 0.0074 206 811 372 925
mitosis 0.0071 1449 804 1595 942
mitosis 0.0070 891 1144 1515 1725
mitosis 0.0069 720 338 791 400
mitosis 0.0067 1065 738 1129 793
mitosis 0.0067 158 241 201 277
mitosis 0.0066 1149 1426 1245 1483
mitosis 0.0066 209 -2 265 41
mitosis 0.0060 48 217 178 341
mitosis 0.0059 1125 1333 1173 1371
mitosis 0.0059 1465 295 1589 408
mitosis 0.0058 30 303 81 345
mitosis 0.0055 198 846 368 1017
mitosis 0.0055 652 19 696 56
mitosis 0.0052 0 624 24 675
mitosis 0.0051 50 1299 124 1375
mitosis 0.0047 726 328 769 360
mitosis 0.0047 742 335 826 400
mitosis 0.0047 499 -1 548 35
mitosis 0.0045 820 244 1711 1303
mitosis 0.0045 1180 693 1361 861
mitosis 0.0044 712 1054 771 1098
mitosis 0.0044 520 879 569 923
mitosis 0.0044 632 128 764 264
mitosis 0.0042 219 794 256 832
mitosis 0.0042 686 649 756 711
mitosis 0.0041 616 438 1272 1117
mitosis 0.0041 909 17 972 76
mitosis 0.0040 468 1204 540 1257
mitosis 0.0040 632 1440 665 1465
mitosis 0.0040 385 735 434 789
mitosis 0.0039 1189 1408 1298 1489
mitosis 0.0039 1177 1376 1382 1524
mitosis 0.0039 133 364 234 450
mitosis 0.0039 897 1373 952 1444
mitosis 0.0039 1374 300 1523 403
mitosis 0.0039 853 713 1055 866
mitosis 0.0038 651 623 744 713
mitosis 0.0038 1248 897 1336 964
mitosis 0.0038 -39 213 119 341
mitosis 0.0038 959 731 1102 848
mitosis 0.0037 1242 1376 1305 1418
mitosis 0.0037 146 382 215 440
mitosis 0.0037 280 757 385 884
mitosis 0.0036 629 1020 672 1054
mitosis 0.0036 1236 864 1303 940
mitosis 0.0035 598 1270 635 1308
mitosis 0.0035 22 1419 117 1486
mitosis 0.0034 801 1457 850 1485
mitosis 0.0034 598 345 799 495
mitosis 0.0033 1053 599 1098 641
mitosis 0.0031 723 357 845 478
mitosis 0.0031 553 59 681 201
mitosis 0.0031 44 559 181 709
mitosis 0.0031 205 619 262 667
mitosis 0.0031 849 581 1360 973
mitosis 0.0031 362 136 1025 673
mitosis 0.0029 1613 584 1653 622
mitosis 0.0028 1421 1328 1480 1376
mitosis 0.0028 640 646 763 779
mitosis 0.0028 110 537 189 611
mitosis 0.0027 303 1211 341 1250
mitosis 0.0027 1273 45 1333 94
mitosis 0.0027 769 592 827 642
mitosis 0.0026 1389 805 1423 832
mitosis 0.0026 1485 862 1571 930
mitosis 0.0026 415 71 463 126
mitosis 0.0026 1474 893 1559 974
mitosis 0.0026 1178 702 1265 781
mitosis 0.0026 140 1306 178 1339
mitosis 0.0025 146 219 201 270
mitosis 0.0025 336 1119 366 1151
mitosis 0.0025 746 857 797 903
mitosis 0.0025 743 361 824 425
mitosis 0.0025 974 715 1052 799
mitosis 0.0025 1226 892 1293 966
mitosis 0.0024 602 150 694 235
mitosis 0.0024 631 295 681 341
mitosis 0.0024 142 980 204 1032
mitosis 0.0024 157 203 197 240
mitosis 0.0024 236 653 336 741
mitosis 0.0024 919 726 1277 870
mitosis 0.0023 560 1266 620 1315
mitosis 0.0023 1162 744 1254 829
mitosis 0.0023 1543 285 1585 317
mitosis 0.0023 223 333 275 380
mitosis 0.0023 723 301 841 410
mitosis 0.0022 951 773 1101 934
mitosis 0.0022 339 1009 390 1061
mitosis 0.0022 346 259 1064 979
mitosis 0.0021 1066 214 1114 259
mitosis 0.0021 101 564 228 658
mitosis 0.0021 498 860 590 934
mitosis 0.0021 -309 241 546 1000
mitosis 0.0021 701 1044 792 1117
mitosis 0.0020 -8 803 97 901
mitosis 0.0020 50 514 189 630
mitosis 0.0020 609 21 648 60
mitosis 0.0020 600 1219 647 1260
mitosis 0.0020 127 323 268 425
mitosis 0.0019 541 1277 592 1326
mitosis 0.0019 1403 1323 1491 1388
mitosis 0.0019 1571 1153 1661 1247
mitosis 0.0019 -3 618 40 678
mitosis 0.0019 -9 743 112 870
mitosis 0.0018 122 965 217 1042
mitosis 0.0018 213 338 323 442
mitosis 0.0018 1602 1360 1653 1417
mitosis 0.0018 195 -6 296 59
mitosis 0.0018 207 312 304 392
mitosis 0.0018 163 399 224 450
mitosis 0.0018 597 -1 702 73
mitosis 0.0018 1255 26 1349 100
mitosis 0.0018 353 717 460 807
mitosis 0.0018 1571 1353 1658 1432
mitosis 0.0018 1480 356 1557 422
mitosis 0.0017 285 817 371 897
mitosis 0.0017 921 20 987 95
mitosis 0.0017 291 -1 348 37
mitosis 0.0017 582 1260 638 1310
mitosis 0.0017 1218 879 1350 995
mitosis 0.0017 729 850 788 898
mitosis 0.0017 200 1304 300 1390
mitosis 0.0017 1068 882 1321 1004
mitosis 0.0017 1326 709 1358 739
mitosis 0.0017 960 669 1084 791
mitosis 0.0016 271 425 327 472
mitosis 0.0016 889 638 1496 1208
mitosis 0.0016 221 1323 280 1373
mitosis 0.0016 618 10 684 63
mitosis 0.0016 183 410 220 451
mitosis 0.0016 288 673 364 747
mitosis 0.0016 418 839 482 897
mitosis 0.0016 644 656 715 711
mitosis 0.0016 805 189 854 234
mitosis 0.0016 -5 1374 36 1427
mitosis 0.0016 1095 860 1141 899
mitosis 0.0016 231 967 828 1476
mitosis 0.0015 891 9 944 49
mitosis 0.0015 796 1444 858 1481
mitosis 0.0015 776 326 826 377
mitosis 0.0015 649 1346 749 1426
mitosis 0.0015 561 1149 636 1233
mitosis 0.0015 631 63 756 201
mitosis 0.0015 1191 918 1362 1077
mitosis 0.0015 554 1178 682 1290
mitosis 0.0015 -3 53 36 112
mitosis 0.0015 384 122 424 156
mitosis 0.0015 -16 616 105 736
mitosis 0.0014 583 1181 643 1242
mitosis 0.0014 208 625 307 711
mitosis 0.0014 250 1220 286 1255
mitosis 0.0014 1046 760 1193 884
mitosis 0.0014 165 1283 280 1382
mitosis 0.0014 1227 1441 1349 1486
mitosis 0.0014 46 552 157 635
mitosis 0.0014 -9 834 98 946
mitosis 0.0014 629 1268 763 1366
mitosis 0.0014 220 1319 263 1361
mitosis 0.0014 448 656 763 784
mitosis 0.0014 325 1117 368 1163
mitosis 0.0014 896 418 943 458
mitosis 0.0014 1141 5 1235 88
mitosis 0.0014 1031 968 1077 1010
mitosis 0.0014 318 858 410 923
mitosis 0.0014 593 271 699 367
mitosis 0.0014 385 1190 673 1295
mitosis 0.0013 173 128 220 179
mitosis 0.0013 1460 357 1527 419
mitosis 0.0013 327 844 1079 1735
mitosis 0.0013 1320 482 1383 535
mitosis 0.0013 1540 1280 1669 1413
mitosis 0.0013 294 1114 363 1169
mitosis 0.0013 1130 218 1166 249
mitosis 0.0013 684 1336 760 1395
mitosis 0.0012 275 604 416 754
mitosis 0.0012 248 403 344 486
mitosis 0.0012 1080 1412 1199 1474
mitosis 0.0012 770 1419 897 1487
mitosis 0.0012 914 487 973 543
mitosis 0.0012 943 1384 1135 1488
mitosis 0.0012 1616 1379 1654 1418
mitosis 0.0012 626 923 698 977
mitosis 0.0012 1037 -17 1197 116
mitosis 0.0012 1357 1347 1389 1376
mitosis 0.0012 912 7 1023 91
mitosis 0.0012 861 1388 972 1463
mitosis 0.0012 709 367 778 441
mitosis 0.0012 258 0 355 43
mitosis 0.0012 597 129 676 211
mitosis 0.0012 697 992 821 1124
mitosis 0.0012 436 1217 487 1251
mitosis 0.0012 575 1139 606 1169
mitosis 0.0012 1497 726 1538 765
mitosis 0.0011 730 181 859 305
mitosis 0.0011 1482 1382 1649 1486
mitosis 0.0011 1284 35 1354 88
mitosis 0.0011 109 201 223 300
mitosis 0.0011 186 1370 351 1487
mitosis 0.0011 104 500 285 625
mitosis 0.0011 217 724 349 848
mitosis 0.0011 279 660 437 773
mitosis 0.0011 1296 1176 1357 1216
mitosis 0.0011 391 1464 436 1484
mitosis 0.0011 499 814 656 937
mitosis 0.0011 1210 1444 1279 1490
mitosis 0.0011 -5 944 111 1064
mitosis 0.0011 783 -276 1456 348
mitosis 0.0011 481 1203 603 1308
mitosis 0.0011 1063 1399 1126 1460
mitosis 0.0011 76 568 151 621
mitosis 0.0011 771 497 836 547
mitosis 0.0011 1354 824 1538 923
mitosis 0.0011 662 1393 704 1425
mitosis 0.0011 1379 739 1426 776
mitosis 0.0011 1539 665 1670 788
mitosis 0.0011 711 141 863 257
mitosis 0.0011 286 706 352 777
mitosis 0.0011 1073 1159 1144 1236
mitosis 0.0011 358 1266 406 1323
mitosis 0.0011 684 627 866 778
mitosis 0.0010 547 1128 654 1254
mitosis 0.0010 559 918 657 981
mitosis 0.0010 767 1267 808 1300
mitosis 0.0010 955 766 1033 826
mitosis 0.0010 625 111 721 206
mitosis 0.0010 0 969 42 1041
mitosis 0.0010 243 1209 281 1247
mitosis 0.0010 933 328 990 373
mitosis 0.0010 1136 -16 1263 111
mitosis 0.0010 612 34 650 70
mitosis 0.0010 650 1319 715 1378
mitosis 0.0010 323 805 414 892
mitosis 0.0010 334 133 370 172
mitosis 0.0010 1056 710 1144 796
mitosis 0.0010 1290 475 1374 531
mitosis 0.0010 1536 0 1656 104
mitosis 0.0010 485 -6 598 64
mitosis 0.0010 697 20 859 175
mitosis 0.0010 1549 1021 1675 1157
mitosis 0.0010 1096 1316 1187 1386
mitosis 0.0010 1293 472 1340 514
mitosis 0.0010 614 974 748 1096
