mitosis 0.5205 247 261 299 310
mitosis 0.4593 943 244 977 276
mitosis 0.4478 776 957 837 1014
mitosis 0.3318 430 127 483 172
mitosis 0.2761 48 150 90 194
mitosis 0.2212 500 784 555 835
mitosis 0.1435 128 314 174 348
mitosis 0.1118 454 891 510 938
mitosis 0.0819 1002 185 1040 216
mitosis 0.0690 1537 212 1575 248
mitosis 0.0583 575 986 630 1037
mitosis 0.0516 167 806 207 846
mitosis 0.0340 1116 1285 1155 1327
mitosis 0.0259 428 112 501 181
mitosis 0.0223 493 771 567 847
mitosis 0.0185 1452 56 1492 91
mitosis 0.0166 1436 1445 1494 1481
mitosis 0.0142 43 130 100 209
mitosis 0.0139 1172 85 1200 108
mitosis 0.0119 470 1055 516 1101
mitosis 0.0119 446 130 495 177
mitosis 0.0114 449 875 521 951
mitosis 0.0108 1201 870 1246 905
mitosis 0.0105 786 960 867 1023
mitosis 0.0089 190 582 246 625
mitosis 0.0085 116 293 185 368
mitosis 0.0084 948 240 990 271
mitosis 0.0074 559 977 646 1042
mitosis 0.0066 1629 1087 1664 1122
mitosis 0.0065 274 908 315 947
mitosis 0.0063 36 460 72 494
mitosis 0.0059 417 1295 484 1341
mitosis 0.0059 235 251 317 313
mitosis 0.0055 1453 1100 1494 1131
mitosis 0.0052 927 228 996 293
mitosis 0.0048 348 888 413 946
mitosis 0.0048 1104 22 1152 59
mitosis 0.0047 66 103 102 140
mitosis 0.0042 721 926 857 1086
mitosis 0.0038 384 715 1182 1263
mitosis 0.0037 180 805 222 845
mitosis 0.0035 1603 1030 1646 1066
mitosis 0.0035 1412 598 1443 623
mitosis 0.0035 581 1427 626 1458
mitosis 0.0034 1311 1370 1353 1407
mitosis 0.0034 114 315 167 362
mitosis 0.0033 782 941 940 1067
mitosis 0.0033 684 1309 739 1344
mitosis 0.0032 1057 1457 1099 1483
mitosis 0.0032 55 119 98 174
mitosis 0.0030 1212 500 1264 552
mitosis 0.0028 1121 104 1153 135
mitosis 0.0028 941 223 982 274
mitosis 0.0026 155 1161 195 1197
mitosis 0.0026 710 875 852 1016
mitosis 0.0026 822 24 865 59
mitosis 0.0025 578 946 752 1041
mitosis 0.0025 381 111 521 254
mitosis 0.0024 1575 1036 1661 1115
mitosis 0.0024 417 1285 511 1353
mitosis 0.0024 416 131 465 178
mitosis 0.0023 1423 1431 1526 1488
mitosis 0.0022 757 934 831 1007
mitosis 0.0022 1532 195 1588 262
mitosis 0.0021 1328 838 1384 892
mitosis 0.0021 485 645 528 677
mitosis 0.0020 169 561 264 627
mitosis 0.0020 788 938 845 1004
mitosis 0.0020 993 159 1060 230
mitosis 0.0020 1088 1274 1183 1347
mitosis 0.0019 1188 484 1281 570
mitosis 0.0019 1111 538 1158 573
mitosis 0.0019 235 273 289 329
mitosis 0.0019 -1 624 53 679
mitosis 0.0019 1173 185 1214 221
mitosis 0.0019 40 -92 870 443
mitosis 0.0018 757 1375 804 1404
mitosis 0.0018 -1 579 56 659
mitosis 0.0018 1455 420 1516 488
mitosis 0.0017 373 57 529 182
mitosis 0.0017 1 1006 30 1048
mitosis 0.0017 1394 590 1448 625
mitosis 0.0017 4 577 54 619
mitosis 0.0016 439 108 488 163
mitosis 0.0016 592 372 633 404
mitosis 0.0016 398 861 427 893
mitosis 0.0016 1178 173 1216 207
mitosis 0.0016 367 1119 404 1149
mitosis 0.0016 480 793 543 849
mitosis 0.0015 172 1392 219 1431
mitosis 0.0015 1387 1023 1420 1050
mitosis 0.0015 739 578 779 612
mitosis 0.0015 905 1126 941 1161
mitosis 0.0015 -3 596 89 696
mitosis 0.0015 1548 1178 1673 1285
mitosis 0.0014 1215 489 1256 518
mitosis 0.0014 1600 1068 1661 1120
mitosis 0.0014 346 1454 393 1484
mitosis 0.0014 810 714 852 752
mitosis 0.0014 22 118 87 213
mitosis 0.0014 442 1039 536 1111
mitosis 0.0014 159 779 225 862
mitosis 0.0014 512 528 566 574
mitosis 0.0014 490 312 517 339
mitosis 0.0013 1102 94 1160 138
mitosis 0.0013 252 272 324 324
mitosis 0.0013 780 0 887 88
mitosis 0.0013 1598 1025 1652 1083
mitosis 0.0013 75 906 105 944
mitosis 0.0012 1545 1229 1682 1354
mitosis 0.0012 1550 1211 1592 1243
mitosis 0.0012 540 320 676 421
mitosis 0.0012 311 1381 340 1408
mitosis 0.0012 674 1375 719 1409
mitosis 0.0012 1009 964 1045 997
mitosis 0.0012 500 780 598 872
mitosis 0.0012 734 1040 776 1084
mitosis 0.0012 464 789 597 916
mitosis 0.0012 1009 179 1056 215
mitosis 0.0012 621 727 651 753
mitosis 0.0012 1517 182 1612 254
mitosis 0.0012 714 584 779 624
mitosis 0.0012 974 191 1059 257
mitosis 0.0011 1559 651 1682 787
mitosis 0.0011 1158 277 1193 310
mitosis 0.0011 193 1271 230 1297
mitosis 0.0011 574 959 669 1035
mitosis 0.0011 359 871 422 936
mitosis 0.0011 29 1375 66 1407
mitosis 0.0011 539 507 573 533
mitosis 0.0011 60 95 95 129
mitosis 0.0011 1559 721 1675 846
mitosis 0.0011 1119 1280 1176 1333
mitosis 0.0011 1086 7 1173 71
mitosis 0.0011 598 252 796 421
mitosis 0.0011 421 448 1310 1385
mitosis 0.0011 623 891 802 1033
mitosis 0.0011 4 194 114 278
mitosis 0.0011 766 967 856 1053
mitosis 0.0011 659 680 729 736
mitosis 0.0011 1411 1437 1482 1484
mitosis 0.0011 504 749 586 823
mitosis 0.0011 176 437 894 1092
mitosis 0.0011 630 990 812 1143
mitosis 0.0011 1299 1232 1332 1264
mitosis 0.0011 287 1451 329 1481
mitosis 0.0011 336 69 369 94
mitosis 0.0010 1351 1050 1395 1088
mitosis 0.0010 323 866 401 937
mitosis 0.0010 522 394 703 574
mitosis 0.0010 1106 1286 1281 1421
mitosis 0.0010 532 1437 623 1482
mitosis 0.0010 1528 195 1576 239
mitosis 0.0010 83 1438 141 1478
mitosis 0.0010 948 249 1018 293
mitosis 0.0010 432 273 624 402
mitosis 0.0010 514 160 722 355
mitosis 0.0010 776 882 946 998
mitosis 0.0010 428 101 619 246
mitosis 0.0010 389 1 515 135
mitosis 0.0010 688 134 724 164
mitosis 0.0010 456 664 569 813
mitosis 0.0010 1273 598 1327 643
mitosis 0.0010 417 887 527 1004
mitosis 0.0010 472 739 602 842
mitosis 0.0010 1618 15 1668 78
mitosis 0.0010 376 271 532 384
mitosis 0.0010 300 1307 351 1346
