mitosis 0.4650 670 1014 740 1080
mitosis 0.4555 1443 934 1495 983
mitosis 0.1820 418 472 471 522
mitosis 0.1818 236 1440 278 1472
mitosis 0.1466 997 1090 1052 1137
mitosis 0.0622 997 1009 1036 1049
mitosis 0.0579 949 315 996 367
mitosis 0.0448 1496 1442 1545 1478
mitosis 0.0435 1 209 41 250
mitosis 0.0295 753 1190 796 1233
mitosis 0.0248 984 1419 1039 1474
mitosis 0.0154 639 994 763 1167
mitosis 0.0128 308 778 1089 1348
mitosis 0.0126 758 393 795 430
mitosis 0.0115 206 979 249 1024
mitosis 0.0100 1376 965 1423 1011
mitosis 0.0099 639 950 758 1088
mitosis 0.0099 989 1075 1063 1148
mitosis 0.0096 965 1389 1051 1468
mitosis 0.0095 0 870 46 911
mitosis 0.0087 403 462 486 531
mitosis 0.0075 944 299 1007 379
mitosis 0.0061 433 1002 779 1177
mitosis 0.0055 643 259 688 289
mitosis 0.0055 611 -1 658 20
mitosis 0.0053 687 1021 772 1081
mitosis 0.0048 1422 927 1507 992
mitosis 0.0047 679 981 861 1157
mitosis 0.0043 146 1295 185 1332
mitosis 0.0042 568 108 620 143
mitosis 0.0041 1240 1014 1289 1059
mitosis 0.0041 132 1056 167 1088
mitosis 0.0039 1492 1422 1558 1492
mitosis 0.0036 224 1416 301 1485
mitosis 0.0034 634 1020 717 1080
mitosis 0.0033 338 1248 382 1286
mitosis 0.0033 114 1446 167 1485
mitosis 0.0033 12 152 50 189
mitosis 0.0032 -3 185 59 260
mitosis 0.0031 240 1440 309 1478
mitosis 0.0031 1568 269 1605 306
mitosis 0.0029 413 281 464 327
mitosis 0.0026 1207 231 1236 255
mitosis 0.0026 730 1178 815 1247
mitosis 0.0026 694 63 729 98
mitosis 0.0026 570 266 611 299
mitosis 0.0026 1273 73 1317 111
mitosis 0.0025 972 1390 1028 1449
mitosis 0.0025 1351 1241 1393 1275
mitosis 0.0025 994 989 1049 1067
mitosis 0.0024 1256 750 1288 782
mitosis 0.0023 1595 1423 1660 1490
mitosis 0.0023 716 205 763 238
mitosis 0.0022 1623 1262 1656 1302
mitosis 0.0022 322 887 366 929
mitosis 0.0022 984 1442 1039 1483
mitosis 0.0022 420 834 454 874
mitosis 0.0022 246 910 293 954
mitosis 0.0022 1359 949 1461 1015
mitosis 0.0022 168 1156 204 1188
mitosis 0.0021 1572 748 1606 785
mitosis 0.0021 629 1255 667 1287
mitosis 0.0021 480 94 523 133
mitosis 0.0020 422 958 788 1090
mitosis 0.0019 248 1185 289 1224
mitosis 0.0019 833 630 873 683
mitosis 0.0019 1064 1208 1117 1251
mitosis 0.0019 972 1013 1067 1090
mitosis 0.0018 617 562 658 600
mitosis 0.0018 6 158 51 207
mitosis 0.0018 347 988 384 1023
mitosis 0.0018 2 1302 45 1354
mitosis 0.0017 -5 847 84 929
mitosis 0.0017 186 955 276 1029
mitosis 0.0017 1494 30 1538 64
mitosis 0.0017 241 1168 350 1252
mitosis 0.0017 955 1360 995 1397
mitosis 0.0017 1461 1 1518 30
mitosis 0.0017 652 1026 745 1107
mitosis 0.0016 1459 931 1523 981
mitosis 0.0016 1253 70 1307 107
mitosis 0.0016 1111 2 1146 26
mitosis 0.0016 297 399 1235 1601
mitosis 0.0016 1153 1331 1194 1366
mitosis 0.0016 629 1036 666 1071
mitosis 0.0015 425 480 488 539
mitosis 0.0015 1564 1243 1678 1373
mitosis 0.0015 135 450 176 487
mitosis 0.0015 921 927 951 957
mitosis 0.0015 660 927 886 1086
mitosis 0.0015 275 93 322 126
mitosis 0.0014 255 461 305 515
mitosis 0.0013 346 998 387 1035
mitosis 0.0013 1581 50 1633 93
mitosis 0.0013 411 460 460 513
mitosis 0.0013 230 100 272 133
mitosis 0.0013 68 1160 100 1195
mitosis 0.0013 594 448 643 496
mitosis 0.0013 1233 72 1280 105
mitosis 0.0013 1503 222 1641 339
mitosis 0.0012 610 1404 653 1436
mitosis 0.0012 226 916 289 985
mitosis 0.0012 1087 264 1124 289
mitosis 0.0012 1435 924 1482 972
mitosis 0.0012 0 116 48 184
mitosis 0.0012 14 212 56 249
mitosis 0.0012 1476 3 1539 46
mitosis 0.0012 1418 1143 1451 1169
mitosis 0.0012 1558 1376 1662 1480
mitosis 0.0011 785 1384 974 1485
mitosis 0.0011 644 970 733 1045
mitosis 0.0011 1450 1423 1536 1484
mitosis 0.0011 770 1311 811 1348
mitosis 0.0011 1618 1242 1663 1301
mitosis 0.0011 999 1085 1096 1166
mitosis 0.0011 1558 425 1679 556
mitosis 0.0011 551 137 613 183
mitosis 0.0011 298 1210 339 1247
mitosis 0.0011 1213 1001 1316 1073
mitosis 0.0011 1118 1394 1280 1478
mitosis 0.0011 950 330 1000 383
mitosis 0.0011 962 1080 1101 1224
mitosis 0.0011 79 416 116 450
mitosis 0.0011 97 1422 205 1487
mitosis 0.0011 359 780 394 815
mitosis 0.0011 1004 1008 1060 1051
mitosis 0.0010 381 746 423 782
mitosis 0.0010 212 90 312 170
mitosis 0.0010 1563 1191 1687 1329
mitosis 0.0010 170 1364 208 1397
mitosis 0.0010 149 1276 189 1315
mitosis 0.0010 1273 1382 1471 1498
mitosis 0.0010 17 1446 81 1484
mitosis 0.0010 637 141 682 171
mitosis 0.0010 958 1368 1025 1433
mitosis 0.0010 866 1139 1063 1304
mitosis 0.0010 239 885 352 976
mitosis 0.0010 229 1450 273 1480
mitosis 0.0010 677 971 762 1050
mitosis 0.0010 1450 866 1603 999
mitosis 0.0010 -15 252 98 389
mitosis 0.0010 883 -8 1021 91
mitosis 0.0010 742 367 819 454
mitosis 0.0010 382 443 454 516
mitosis 0.0010 763 1315 953 1468
mitosis 0.0010 -1 230 45 298
mitosis 0.0010 0 895 93 983
