mitosis 0.6791 396 317 460 376
mitosis 0.5957 999 1371 1061 1433
mitosis 0.5163 760 494 837 568
mitosis 0.3988 1488 1326 1537 1375
mitosis 0.3988 721 1155 779 1210
mitosis 0.3160 371 14 426 76
mitosis 0.2055 837 666 903 730
mitosis 0.1734 1523 218 1573 266
mitosis 0.1432 1384 631 1437 677
mitosis 0.0997 188 1185 252 1246
mitosis 0.0788 886 1393 932 1446
mitosis 0.0638 1412 221 1460 265
mitosis 0.0525 529 1001 582 1054
mitosis 0.0522 628 790 684 835
mitosis 0.0365 1354 1272 1400 1313
mitosis 0.0335 1411 267 1454 308
mitosis 0.0327 1408 232 1459 290
mitosis 0.0230 421 452 477 513
mitosis 0.0209 211 1214 257 1256
mitosis 0.0205 1497 371 1551 433
mitosis 0.0202 1129 948 1166 985
mitosis 0.0179 1551 215 1639 276
mitosis 0.0172 1362 976 1394 1010
mitosis 0.0159 1597 649 1631 697
mitosis 0.0157 824 1383 883 1427
mitosis 0.0141 1619 217 1662 269
mitosis 0.0137 454 154 1121 781
mitosis 0.0130 1471 1321 1550 1383
mitosis 0.0126 987 1376 1043 1425
mitosis 0.0124 1602 1437 1661 1483
mitosis 0.0117 725 479 847 641
mitosis 0.0101 367 301 467 372
mitosis 0.0098 382 148 430 194
mitosis 0.0095 1310 575 1362 634
mitosis 0.0093 725 423 845 574
mitosis 0.0092 751 509 817 577
mitosis 0.0082 1604 802 1658 861
mitosis 0.0078 23 48 708 606
mitosis 0.0076 418 318 482 375
mitosis 0.0076 221 1283 259 1321
mitosis 0.0071 1496 325 1550 387
mitosis 0.0070 378 85 1323 998
mitosis 0.0065 770 466 940 640
mitosis 0.0064 383 34 438 84
mitosis 0.0062 1608 1021 1642 1063
mitosis 0.0062 1521 161 1557 200
mitosis 0.0061 377 1234 413 1270
mitosis 0.0061 286 277 462 409
mitosis 0.0059 611 786 698 863
mitosis 0.0058 1230 577 1261 614
mitosis 0.0058 402 436 487 521
mitosis 0.0056 604 1112 800 1330
mitosis 0.0055 735 1148 807 1205
mitosis 0.0054 356 -2 418 69
mitosis 0.0054 1365 619 1444 689
mitosis 0.0053 264 940 1134 1490
mitosis 0.0052 606 852 658 896
mitosis 0.0051 1248 468 1278 500
mitosis 0.0051 813 639 926 781
mitosis 0.0049 1227 411 1279 469
mitosis 0.0048 467 664 512 704
mitosis 0.0047 953 1348 1109 1547
mitosis 0.0045 943 1365 1060 1459
mitosis 0.0044 1537 1138 1565 1173
mitosis 0.0044 704 1134 842 1316
mitosis 0.0043 391 291 506 397
mitosis 0.0043 1504 319 1546 364
mitosis 0.0042 1580 784 1663 872
mitosis 0.0042 1558 1173 1588 1205
mitosis 0.0040 856 350 895 389
mitosis 0.0039 1340 356 1382 395
mitosis 0.0039 1228 918 1279 970
mitosis 0.0038 1501 205 1584 270
mitosis 0.0037 620 1088 788 1230
mitosis 0.0036 610 1074 1460 1786
mitosis 0.0036 135 1456 192 1485
mitosis 0.0036 628 764 696 845
mitosis 0.0036 151 668 194 712
mitosis 0.0036 709 1097 845 1230
mitosis 0.0035 1033 965 1072 1012
mitosis 0.0034 1502 1164 1548 1209
mitosis 0.0034 1213 393 1293 482
mitosis 0.0034 891 1378 953 1447
mitosis 0.0033 1501 1324 1561 1377
mitosis 0.0033 462 459 1077 940
mitosis 0.0032 1510 173 1571 245
mitosis 0.0031 821 1376 914 1441
mitosis 0.0030 999 1378 1096 1457
mitosis 0.0029 1236 613 1276 651
mitosis 0.0029 967 1322 1097 1447
mitosis 0.0029 722 1136 789 1198
mitosis 0.0029 387 343 499 478
mitosis 0.0028 296 1143 345 1180
mitosis 0.0028 403 298 488 367
mitosis 0.0028 534 490 846 646
mitosis 0.0028 1607 787 1663 843
mitosis 0.0028 375 324 445 402
mitosis 0.0028 517 103 585 165
mitosis 0.0027 613 648 934 788
mitosis 0.0027 809 591 915 716
mitosis 0.0027 1296 567 1381 650
mitosis 0.0027 644 1054 680 1089
mitosis 0.0025 765 470 868 561
mitosis 0.0025 307 609 352 651
mitosis 0.0024 393 401 445 451
mitosis 0.0024 1481 348 1568 434
mitosis 0.0023 1390 214 1475 295
mitosis 0.0023 376 0 447 66
mitosis 0.0023 1072 165 1115 206
mitosis 0.0023 1350 1253 1413 1326
mitosis 0.0022 1571 636 1656 728
mitosis 0.0022 1396 632 1460 682
mitosis 0.0022 229 973 264 1007
mitosis 0.0021 362 26 430 97
mitosis 0.0021 1429 8 1474 42
mitosis 0.0021 365 133 449 208
mitosis 0.0020 847 614 1033 783
mitosis 0.0020 1588 1423 1670 1493
mitosis 0.0020 672 1115 1205 1608
mitosis 0.0020 1610 202 1670 286
mitosis 0.0019 1452 535 1498 578
mitosis 0.0019 734 1162 817 1229
mitosis 0.0019 1225 584 1270 636
mitosis 0.0019 1411 203 1474 272
mitosis 0.0018 182 1204 238 1251
mitosis 0.0018 366 1046 417 1096
mitosis 0.0018 1590 635 1646 699
mitosis 0.0018 0 177 34 221
mitosis 0.0018 841 647 923 721
mitosis 0.0017 595 831 684 909
mitosis 0.0017 316 -16 432 111
mitosis 0.0017 8 -270 734 329
mitosis 0.0017 670 1038 702 1071
mitosis 0.0017 514 1002 605 1075
mitosis 0.0016 1500 1355 1603 1437
mitosis 0.0016 1521 1143 1565 1181
mitosis 0.0016 853 676 931 739
mitosis 0.0015 773 1336 1111 1445
mitosis 0.0015 1406 1291 1538 1383
mitosis 0.0015 524 975 596 1057
mitosis 0.0015 595 834 651 893
mitosis 0.0015 406 334 470 403
mitosis 0.0014 390 432 464 502
mitosis 0.0014 1415 4 1460 44
mitosis 0.0014 801 687 937 861
mitosis 0.0014 774 416 940 557
mitosis 0.0014 1423 269 1475 310
mitosis 0.0014 170 1058 206 1103
mitosis 0.0013 599 811 669 881
mitosis 0.0013 146 1185 266 1287
mitosis 0.0013 99 1018 148 1070
mitosis 0.0013 876 348 1010 478
mitosis 0.0013 43 1437 77 1474
mitosis 0.0013 1573 990 1664 1092
mitosis 0.0013 444 1323 476 1354
mitosis 0.0013 439 638 527 730
mitosis 0.0013 1311 592 1371 647
mitosis 0.0013 1158 1154 1194 1185
mitosis 0.0013 1567 835 1670 981
mitosis 0.0013 176 1158 244 1233
mitosis 0.0013 378 -18 512 108
mitosis 0.0013 1340 429 1386 474
mitosis 0.0012 541 1092 692 1216
mitosis 0.0012 1204 898 1295 987
mitosis 0.0012 1002 941 1111 1026
mitosis 0.0012 1401 250 1462 330
mitosis 0.0012 967 1386 1037 1456
mitosis 0.0012 58 389 101 440
mitosis 0.0012 -213 881 611 1542
mitosis 0.0012 1523 179 1633 264
mitosis 0.0012 -2 23 22 71
mitosis 0.0012 324 1277 366 1321
mitosis 0.0012 691 37 810 156
mitosis 0.0012 445 601 575 724
mitosis 0.0012 630 1284 676 1331
mitosis 0.0012 128 316 171 361
mitosis 0.0012 1456 1252 1594 1376
mitosis 0.0012 1056 929 1177 1014
mitosis 0.0012 1153 868 1900 1694
mitosis 0.0011 318 48 415 180
mitosis 0.0011 1494 728 1661 868
mitosis 0.0011 1002 1334 1082 1429
mitosis 0.0011 204 1194 269 1269
mitosis 0.0011 574 1119 618 1178
mitosis 0.0011 953 1 994 31
mitosis 0.0011 1625 230 1665 282
mitosis 0.0011 979 80 1018 121
mitosis 0.0011 279 437 1441 1103
mitosis 0.0011 1044 951 1132 1013
mitosis 0.0011 1229 386 1286 454
mitosis 0.0010 188 1173 359 1279
mitosis 0.0010 1464 1336 1527 1398
mitosis 0.0010 1100 926 1201 1008
mitosis 0.0010 471 -2 552 52
mitosis 0.0010 1218 559 1265 618
mitosis 0.0010 455 698 645 869
mitosis 0.0010 1541 -10 1655 94
mitosis 0.0010 1286 1380 1458 1482
mitosis 0.0010 347 1027 450 1112
mitosis 0.0010 367 2 410 39
mitosis 0.0010 99 1460 136 1484
mitosis 0.0010 579 1113 617 1152
mitosis 0.0010 195 1232 299 1326
mitosis 0.0010 711 -2 836 113
mitosis 0.0010 585 1125 650 1200
mitosis 0.0010 196 904 296 995
mitosis 0.0010 139 645 189 698
mitosis 0.0010 953 794 1127 942
mitosis 0.0010 1204 1381 1381 1487
mitosis 0.0010 622 1034 764 1176
mitosis 0.0010 456 995 610 1153
mitosis 0.0010 1395 234 1500 341
mitosis 0.0010 872 383 1023 544
mitosis 0.0010 531 407 713 572
