mitosis 0.4720 691 33 764 104
mitosis 0.2653 1322 934 1392 994
mitosis 0.1827 776 1005 840 1063
mitosis 0.0541 1295 1246 1344 1294
mitosis 0.0433 762 970 835 1040
mitosis 0.0390 315 195 376 244
mitosis 0.0325 661 1431 737 1483
mitosis 0.0257 1554 548 1596 588
mitosis 0.0248 769 966 827 1013
mitosis 0.0211 1539 1131 1597 1178
mitosis 0.0199 1462 1432 1502 1465
mitosis 0.0196 1333 86 1387 126
mitosis 0.0191 1040 1385 1082 1426
mitosis 0.0183 366 424 431 486
mitosis 0.0134 112 862 152 901
mitosis 0.0120 1624 1445 1662 1477
mitosis 0.0118 77 944 119 981
mitosis 0.0118 251 933 296 975
mitosis 0.0116 393 -309 1017 365
mitosis 0.0106 77 -1 133 47
mitosis 0.0095 634 33 773 197
mitosis 0.0094 788 592 830 628
mitosis 0.0092 1553 1230 1596 1270
mitosis 0.0090 635 -18 769 124
mitosis 0.0088 354 422 451 513
mitosis 0.0087 1007 244 1041 273
mitosis 0.0087 1340 260 1377 292
mitosis 0.0079 248 1043 306 1090
mitosis 0.0076 1470 1370 1516 1410
mitosis 0.0074 168 1445 232 1482
mitosis 0.0073 23 1392 78 1436
mitosis 0.0073 699 -22 855 125
mitosis 0.0069 301 923 346 976
mitosis 0.0062 1288 1258 1336 1302
mitosis 0.0062 711 215 810 296
mitosis 0.0060 1481 26 1532 65
mitosis 0.0058 941 1176 982 1210
mitosis 0.0058 695 34 854 194
mitosis 0.0057 277 932 331 983
mitosis 0.0056 297 167 390 241
mitosis 0.0054 1544 96 1582 129
mitosis 0.0054 1073 160 1115 196
mitosis 0.0052 1003 909 1043 944
mitosis 0.0052 767 1104 837 1154
mitosis 0.0050 1632 942 1659 970
mitosis 0.0049 1288 1233 1355 1308
mitosis 0.0049 41 887 86 933
mitosis 0.0049 421 609 476 658
mitosis 0.0046 1226 934 1284 986
mitosis 0.0046 1310 898 1390 986
mitosis 0.0042 1636 1437 1663 1472
mitosis 0.0041 799 1006 852 1060
mitosis 0.0040 653 26 745 102
mitosis 0.0038 69 404 120 452
mitosis 0.0038 1574 106 1660 177
mitosis 0.0038 1117 1345 1159 1382
mitosis 0.0037 1119 388 1217 468
mitosis 0.0036 505 1369 548 1406
mitosis 0.0036 346 449 445 548
mitosis 0.0035 766 4 827 48
mitosis 0.0034 766 1019 821 1064
mitosis 0.0034 908 767 970 812
mitosis 0.0033 1301 259 1376 302
mitosis 0.0031 421 39 490 104
mitosis 0.0031 372 1176 401 1207
mitosis 0.0031 1047 867 1107 921
mitosis 0.0030 1228 220 1264 246
mitosis 0.0028 1606 122 1666 175
mitosis 0.0028 386 1202 436 1244
mitosis 0.0028 58 0 153 67
mitosis 0.0027 456 19 518 89
mitosis 0.0027 47 892 115 951
mitosis 0.0027 1023 871 1114 938
mitosis 0.0026 1301 946 1425 1064
mitosis 0.0026 225 1036 323 1106
mitosis 0.0026 1052 1382 1097 1424
mitosis 0.0026 423 15 521 110
mitosis 0.0026 150 1427 250 1484
mitosis 0.0026 1264 252 1335 302
mitosis 0.0025 485 1276 526 1311
mitosis 0.0025 819 27 861 59
mitosis 0.0024 1350 415 1397 455
mitosis 0.0024 941 995 992 1036
mitosis 0.0024 205 218 258 276
mitosis 0.0024 723 953 852 1080
mitosis 0.0024 772 941 946 1079
mitosis 0.0023 1522 1127 1614 1189
mitosis 0.0023 374 668 1193 1320
mitosis 0.0023 399 391 479 464
mitosis 0.0023 1011 558 1718 1277
mitosis 0.0023 702 125 750 168
mitosis 0.0023 434 382 482 435
mitosis 0.0023 1350 1136 1405 1177
mitosis 0.0023 755 7 865 78
mitosis 0.0022 405 600 492 670
mitosis 0.0022 291 459 331 504
mitosis 0.0021 626 1405 794 1509
mitosis 0.0021 1316 78 1408 132
mitosis 0.0021 791 1311 891 1393
mitosis 0.0021 682 933 716 969
mitosis 0.0020 682 1275 728 1317
mitosis 0.0020 1423 640 1461 670
mitosis 0.0020 730 571 766 603
mitosis 0.0019 1379 402 1418 430
mitosis 0.0019 216 161 277 225
mitosis 0.0019 36 1312 82 1354
mitosis 0.0019 723 1005 850 1158
mitosis 0.0019 1601 1437 1661 1482
mitosis 0.0018 468 1000 519 1037
mitosis 0.0018 40 882 147 961
mitosis 0.0017 761 573 856 647
mitosis 0.0017 327 1061 1080 1804
mitosis 0.0017 897 511 949 549
mitosis 0.0017 516 519 568 570
mitosis 0.0017 638 421 690 469
mitosis 0.0017 954 335 1003 380
mitosis 0.0016 1074 409 1112 442
mitosis 0.0016 267 161 313 209
mitosis 0.0016 789 411 847 459
mitosis 0.0016 1153 895 1403 997
mitosis 0.0015 1459 1416 1515 1465
mitosis 0.0015 1213 924 1310 993
mitosis 0.0015 1020 1376 1112 1442
mitosis 0.0015 287 290 322 321
mitosis 0.0015 1557 292 1675 402
mitosis 0.0015 206 170 258 222
mitosis 0.0015 -1 0 57 54
mitosis 0.0015 59 1392 209 1478
mitosis 0.0015 1209 481 1248 512
mitosis 0.0014 1462 9 1560 74
mitosis 0.0014 1638 930 1663 972
mitosis 0.0014 1506 1260 1542 1295
mitosis 0.0014 1561 347 1665 455
mitosis 0.0014 1315 35 1397 120
mitosis 0.0014 658 119 796 282
mitosis 0.0014 411 1416 814 1516
mitosis 0.0014 25 1344 142 1439
mitosis 0.0014 1454 1187 1496 1217
mitosis 0.0014 1020 1044 1058 1077
mitosis 0.0014 1126 407 1193 460
mitosis 0.0014 448 793 493 833
mitosis 0.0014 414 54 467 108
mitosis 0.0014 683 1432 794 1481
mitosis 0.0013 373 1188 415 1229
mitosis 0.0013 546 335 609 402
mitosis 0.0013 1050 155 1107 195
mitosis 0.0013 869 886 921 925
mitosis 0.0013 7 1378 101 1448
mitosis 0.0013 23 1019 77 1070
mitosis 0.0013 307 1016 356 1065
mitosis 0.0013 868 1389 1047 1486
mitosis 0.0013 1361 608 1418 648
mitosis 0.0013 -4 14 56 100
mitosis 0.0013 1541 528 1616 606
mitosis 0.0013 1574 621 1623 655
mitosis 0.0013 1002 1438 1040 1467
mitosis 0.0013 852 4 1019 146
mitosis 0.0013 690 1266 837 1389
mitosis 0.0013 671 947 720 1008
mitosis 0.0013 11 1286 123 1375
mitosis 0.0013 1557 180 1672 305
mitosis 0.0013 1127 840 1180 882
mitosis 0.0012 1430 1390 1540 1465
mitosis 0.0012 1194 674 1233 706
mitosis 0.0012 71 855 171 918
mitosis 0.0012 773 4 929 129
mitosis 0.0012 854 2 997 88
mitosis 0.0012 803 1333 868 1383
mitosis 0.0012 1015 1397 1080 1459
mitosis 0.0012 1253 715 1289 746
mitosis 0.0012 514 413 585 468
mitosis 0.0012 184 155 293 244
mitosis 0.0012 368 8 498 119
mitosis 0.0012 284 1373 448 1477
mitosis 0.0012 1479 24 1598 116
mitosis 0.0012 943 292 1082 379
mitosis 0.0012 377 510 485 661
mitosis 0.0012 787 10 862 59
mitosis 0.0012 877 761 981 828
mitosis 0.0012 242 984 340 1073
mitosis 0.0012 756 396 851 479
mitosis 0.0012 918 1080 974 1126
mitosis 0.0012 363 433 520 540
mitosis 0.0012 248 923 348 987
mitosis 0.0012 1258 445 1298 479
mitosis 0.0011 1536 11 1646 99
mitosis 0.0011 342 494 407 554
mitosis 0.0011 47 386 138 459
mitosis 0.0011 1428 968 1469 998
mitosis 0.0011 880 1113 916 1141
mitosis 0.0011 874 49 918 86
mitosis 0.0011 1005 902 1063 954
mitosis 0.0011 1532 1153 1639 1241
mitosis 0.0011 682 47 754 131
mitosis 0.0011 756 419 820 473
mitosis 0.0011 652 1268 766 1368
mitosis 0.0011 100 518 136 555
mitosis 0.0011 1633 1228 1665 1263
mitosis 0.0011 1552 99 1598 132
mitosis 0.0011 1441 1362 1532 1437
mitosis 0.0010 118 1337 255 1474
mitosis 0.0010 1039 759 1074 787
mitosis 0.0010 995 470 1088 550
mitosis 0.0010 452 1208 585 1327
mitosis 0.0010 691 108 756 172
mitosis 0.0010 1550 1417 1662 1488
mitosis 0.0010 10 870 110 941
mitosis 0.0010 470 1326 605 1443
mitosis 0.0010 769 1393 942 1486
mitosis 0.0010 393 309 528 436
mitosis 0.0010 906 12 953 50
mitosis 0.0010 457 1258 585 1368
mitosis 0.0010 1006 1150 1051 1192
mitosis 0.0010 909 308 1045 395
mitosis 0.0010 1326 933 1431 1007
mitosis 0.0010 615 376 766 486
mitosis 0.0010 1572 613 1609 647
mitosis 0.0010 1075 1310 1179 1406
mitosis 0.0010 370 1109 497 1234
mitosis 0.0010 759 935 854 1018
mitosis 0.0010 550 1342 700 1461
mitosis 0.0010 483 420 571 485
mitosis 0.0010 342 114 512 261
mitosis 0.0010 782 960 856 1029
mitosis 0.0010 44 918 145 998
mitosis 0.0010 618 1383 657 1415
