mitosis 0.4536 593 515 668 580
mitosis 0.2568 135 680 199 735
mitosis 0.2560 770 925 837 973
mitosis 0.1741 251 402 315 463
mitosis 0.1668 630 1433 682 1475
mitosis 0.0711 1278 1313 1315 1348
mitosis 0.0583 471 1374 524 1409
mitosis 0.0498 1461 1008 1516 1050
mitosis 0.0455 174 1352 225 1396
mitosis 0.0409 931 564 969 596
mitosis 0.0377 1281 1450 1315 1477
mitosis 0.0335 931 57 993 106
mitosis 0.0315 1211 265 1267 313
mitosis 0.0263 1426 1201 1470 1237
mitosis 0.0253 479 1416 544 1474
mitosis 0.0239 138 691 203 762
mitosis 0.0201 163 1356 205 1396
mitosis 0.0197 1314 1119 1352 1154
mitosis 0.0193 1063 832 1115 869
mitosis 0.0175 593 1041 686 1109
mitosis 0.0172 901 423 942 456
mitosis 0.0165 898 1352 940 1381
mitosis 0.0132 1139 306 1198 357
mitosis 0.0129 0 18 44 57
mitosis 0.0120 1618 1276 1660 1321
mitosis 0.0118 621 1416 695 1487
mitosis 0.0111 621 35 660 63
mitosis 0.0109 1555 958 1591 986
mitosis 0.0108 558 479 683 648
mitosis 0.0101 1371 1070 1422 1108
mitosis 0.0097 248 271 990 814
mitosis 0.0095 1394 227 1481 282
mitosis 0.0093 1108 1236 1156 1274
mitosis 0.0093 1609 -2 1670 48
mitosis 0.0082 597 476 782 633
mitosis 0.0082 961 676 1004 718
mitosis 0.0063 924 39 1005 118
mitosis 0.0060 1528 872 1582 911
mitosis 0.0057 1140 816 1179 849
mitosis 0.0057 648 154 686 186
mitosis 0.0055 152 1346 235 1403
mitosis 0.0055 1459 991 1530 1060
mitosis 0.0054 84 81 120 116
mitosis 0.0048 609 527 688 591
mitosis 0.0046 750 445 801 491
mitosis 0.0046 1284 1455 1329 1483
mitosis 0.0046 198 103 245 138
mitosis 0.0044 468 1363 536 1429
mitosis 0.0044 -207 390 441 1001
mitosis 0.0044 619 1199 657 1233
mitosis 0.0043 1350 803 1393 836
mitosis 0.0043 149 728 199 772
mitosis 0.0041 49 652 189 780
mitosis 0.0041 593 1422 670 1478
mitosis 0.0040 549 430 672 579
mitosis 0.0040 1180 274 1271 338
mitosis 0.0040 610 386 647 417
mitosis 0.0037 218 412 340 559
mitosis 0.0037 413 426 453 464
mitosis 0.0036 154 683 224 749
mitosis 0.0035 728 1315 763 1342
mitosis 0.0035 1189 770 1227 804
mitosis 0.0034 1069 812 1120 858
mitosis 0.0032 763 935 850 999
mitosis 0.0031 702 646 754 700
mitosis 0.0031 34 692 188 865
mitosis 0.0031 -65 106 445 701
mitosis 0.0030 682 637 777 702
mitosis 0.0029 1376 572 1424 609
mitosis 0.0028 717 921 847 1079
mitosis 0.0028 57 374 328 485
mitosis 0.0028 1615 1176 1648 1202
mitosis 0.0026 1309 667 1346 695
mitosis 0.0026 1422 1173 1490 1252
mitosis 0.0026 -155 133 719 812
mitosis 0.0026 1203 274 1254 322
mitosis 0.0026 27 725 63 755
mitosis 0.0026 339 780 374 811
mitosis 0.0025 462 1395 556 1476
mitosis 0.0025 429 1198 469 1233
mitosis 0.0025 705 1226 754 1267
mitosis 0.0025 543 1013 699 1148
mitosis 0.0025 226 367 346 479
mitosis 0.0024 131 659 254 772
mitosis 0.0023 1349 1079 1415 1134
mitosis 0.0023 773 909 858 983
mitosis 0.0022 1056 812 1144 873
mitosis 0.0022 1518 846 1619 911
mitosis 0.0022 734 432 819 504
mitosis 0.0022 1584 1254 1665 1324
mitosis 0.0022 127 690 257 864
mitosis 0.0021 230 730 999 1410
mitosis 0.0020 769 864 946 1002
mitosis 0.0020 337 498 703 646
mitosis 0.0020 419 1 522 44
mitosis 0.0020 725 879 846 1000
mitosis 0.0020 435 459 1277 1387
mitosis 0.0019 1523 887 1628 956
mitosis 0.0019 1081 794 1124 828
mitosis 0.0019 29 284 98 332
mitosis 0.0019 1276 1186 1311 1217
mitosis 0.0018 1573 2 1657 63
mitosis 0.0018 546 537 694 716
mitosis 0.0018 1414 1207 1459 1242
mitosis 0.0018 1140 817 1189 866
mitosis 0.0018 604 1013 679 1095
mitosis 0.0017 480 1347 529 1412
mitosis 0.0017 153 841 189 876
mitosis 0.0017 323 533 369 576
mitosis 0.0017 1147 832 1199 890
mitosis 0.0017 564 1428 627 1475
mitosis 0.0017 946 1316 989 1358
mitosis 0.0017 1564 406 1669 526
mitosis 0.0016 1132 289 1211 371
mitosis 0.0016 1284 1322 1327 1356
mitosis 0.0016 1094 1228 1189 1287
mitosis 0.0016 143 660 204 725
mitosis 0.0016 581 522 635 568
mitosis 0.0016 -353 394 744 1133
mitosis 0.0016 1561 648 1681 764
mitosis 0.0016 1553 731 1682 859
mitosis 0.0016 733 921 829 989
mitosis 0.0015 646 441 789 543
mitosis 0.0015 1154 255 1252 345
mitosis 0.0015 95 1244 139 1280
mitosis 0.0015 915 544 972 597
mitosis 0.0015 15 276 109 345
mitosis 0.0015 158 1367 202 1406
mitosis 0.0015 1202 240 1265 308
mitosis 0.0015 765 1463 810 1484
mitosis 0.0014 1562 350 1660 455
mitosis 0.0014 1529 1011 1666 1135
mitosis 0.0014 873 39 1035 187
mitosis 0.0014 879 390 976 468
mitosis 0.0014 753 910 826 964
mitosis 0.0014 285 1381 477 1487
mitosis 0.0014 596 1009 784 1140
mitosis 0.0014 1046 1244 1083 1276
mitosis 0.0014 1059 826 1147 902
mitosis 0.0013 1568 1232 1663 1307
mitosis 0.0013 1435 1157 1477 1190
mitosis 0.0013 1521 946 1638 1023
mitosis 0.0013 1611 1265 1669 1334
mitosis 0.0013 88 694 133 732
mitosis 0.0013 1366 1044 1431 1129
mitosis 0.0013 788 1173 837 1217
mitosis 0.0013 922 538 992 610
mitosis 0.0013 596 517 705 611
mitosis 0.0013 1321 761 1363 788
mitosis 0.0013 855 2 921 35
mitosis 0.0012 1157 853 1197 890
mitosis 0.0012 1559 503 1680 630
mitosis 0.0012 175 1369 367 1481
mitosis 0.0012 -8 646 148 766
mitosis 0.0012 1092 97 1132 128
mitosis 0.0012 1274 1300 1330 1366
mitosis 0.0012 1236 792 1269 818
mitosis 0.0012 1380 206 1517 325
mitosis 0.0012 1559 579 1680 703
mitosis 0.0012 452 1 556 45
mitosis 0.0012 621 22 671 59
mitosis 0.0012 57 285 101 326
mitosis 0.0012 873 1185 1020 1327
mitosis 0.0012 106 697 182 759
mitosis 0.0012 620 1030 684 1083
mitosis 0.0012 213 1167 267 1205
mitosis 0.0012 1496 1085 1537 1114
mitosis 0.0012 700 1007 877 1150
mitosis 0.0011 238 945 278 978
mitosis 0.0011 939 670 1035 727
mitosis 0.0011 611 974 773 1090
mitosis 0.0011 1230 219 1499 324
mitosis 0.0011 1473 749 1624 876
mitosis 0.0011 715 1107 875 1245
mitosis 0.0011 1468 645 1632 776
mitosis 0.0011 1 0 58 71
mitosis 0.0011 743 275 781 305
mitosis 0.0011 559 1293 614 1336
mitosis 0.0011 710 243 877 401
mitosis 0.0011 -13 565 130 699
mitosis 0.0011 601 1075 754 1209
mitosis 0.0011 861 932 1046 1083
mitosis 0.0011 44 1257 177 1375
mitosis 0.0011 -9 1245 105 1355
mitosis 0.0010 778 1165 944 1300
mitosis 0.0010 1550 1129 1672 1246
mitosis 0.0010 221 1374 258 1408
mitosis 0.0010 1377 237 1456 291
mitosis 0.0010 369 852 429 905
mitosis 0.0010 791 928 862 975
mitosis 0.0010 1587 1275 1661 1349
mitosis 0.0010 1056 25 1191 129
mitosis 0.0010 673 483 715 517
mitosis 0.0010 293 289 434 415
mitosis 0.0010 1212 292 1263 338
mitosis 0.0010 782 1018 954 1153
mitosis 0.0010 1111 -87 1770 593
mitosis 0.0010 1477 349 1636 476
mitosis 0.0010 1285 550 1802 852
mitosis 0.0010 1306 1459 1354 1485
mitosis 0.0010 1127 827 1223 923
mitosis 0.0010 952 608 1087 717
mitosis 0.0010 426 1302 469 1338
mitosis 0.0010 1393 121 1496 275
mitosis 0.0010 -19 1380 102 1474
mitosis 0.0010 173 66 283 146
mitosis 0.0010 886 1328 958 1408
