mitosis 0.3907 531 684 583 734
mitosis 0.0877 893 462 937 502
mitosis 0.0784 1468 323 1520 367
mitosis 0.0575 632 21 678 57
mitosis 0.0473 55 1269 100 1309
mitosis 0.0343 1056 907 1091 942
mitosis 0.0242 -4 318 21 359
mitosis 0.0202 289 1280 338 1324
mitosis 0.0182 516 680 600 745
mitosis 0.0180 586 745 618 776
mitosis 0.0133 1099 1330 1157 1380
mitosis 0.0128 865 867 917 913
mitosis 0.0112 10 100 56 142
mitosis 0.0107 113 1251 158 1285
mitosis 0.0100 1201 1057 1236 1101
mitosis 0.0094 92 594 130 628
mitosis 0.0092 1472 304 1522 353
mitosis 0.0088 331 996 376 1034
mitosis 0.0082 1459 305 1533 383
mitosis 0.0078 216 75 260 120
mitosis 0.0069 620 1245 670 1280
mitosis 0.0068 545 688 604 737
mitosis 0.0063 214 1359 254 1403
mitosis 0.0057 1350 616 1398 654
mitosis 0.0056 565 604 596 635
mitosis 0.0050 1477 299 1519 335
mitosis 0.0050 0 1289 52 1354
mitosis 0.0048 436 1299 484 1345
mitosis 0.0048 1147 543 1184 581
mitosis 0.0046 1376 -1 1443 41
mitosis 0.0045 1392 -2 1463 50
mitosis 0.0044 1083 1315 1174 1387
mitosis 0.0042 1525 1413 1572 1452
mitosis 0.0042 1135 687 1184 727
mitosis 0.0042 1627 87 1663 135
mitosis 0.0041 117 1430 152 1463
mitosis 0.0039 599 1240 694 1306
mitosis 0.0038 848 855 937 921
mitosis 0.0037 1590 1081 1631 1120
mitosis 0.0037 525 658 581 727
mitosis 0.0036 749 339 795 381
mitosis 0.0034 1104 1435 1157 1480
mitosis 0.0033 890 446 948 517
mitosis 0.0032 189 113 227 142
mitosis 0.0032 45 153 92 189
mitosis 0.0032 1540 758 1572 787
mitosis 0.0031 176 1410 226 1451
mitosis 0.0031 1014 326 1067 363
mitosis 0.0030 612 5 706 67
mitosis 0.0029 1541 1027 1581 1061
mitosis 0.0026 454 684 614 868
mitosis 0.0025 -2 312 37 362
mitosis 0.0024 1377 321 1425 363
mitosis 0.0024 1423 255 1524 368
mitosis 0.0023 532 686 630 764
mitosis 0.0023 157 518 198 552
mitosis 0.0023 1564 1233 1669 1365
mitosis 0.0023 55 1257 107 1330
mitosis 0.0023 285 1265 352 1337
mitosis 0.0022 1315 1122 1413 1192
mitosis 0.0021 1496 959 1540 995
mitosis 0.0020 143 1319 187 1359
mitosis 0.0020 846 339 885 381
mitosis 0.0020 1143 1418 1290 1480
mitosis 0.0020 905 466 951 505
mitosis 0.0020 475 645 604 779
mitosis 0.0020 1082 1412 1212 1481
mitosis 0.0020 290 64 344 108
mitosis 0.0019 54 441 1009 1103
mitosis 0.0019 781 463 828 500
mitosis 0.0019 1176 1040 1268 1112
mitosis 0.0019 -10 1021 120 1152
mitosis 0.0019 57 1242 154 1316
mitosis 0.0018 1638 630 1662 668
mitosis 0.0018 1481 319 1541 368
mitosis 0.0018 1197 1325 1252 1375
mitosis 0.0018 258 164 293 191
mitosis 0.0018 169 384 219 425
mitosis 0.0017 1205 1425 1308 1483
mitosis 0.0017 521 5 568 37
mitosis 0.0017 154 18 198 54
mitosis 0.0017 1131 1295 1259 1388
mitosis 0.0017 1297 821 1332 850
mitosis 0.0017 1465 270 1562 361
mitosis 0.0017 552 606 597 672
mitosis 0.0016 1554 1177 1661 1299
mitosis 0.0016 545 1315 600 1356
mitosis 0.0016 120 46 159 73
mitosis 0.0016 1552 867 1674 1003
mitosis 0.0016 719 295 855 390
mitosis 0.0016 525 289 577 331
mitosis 0.0016 206 644 369 769
mitosis 0.0016 1176 1018 1210 1046
mitosis 0.0016 1202 1433 1268 1485
mitosis 0.0015 1517 1395 1635 1478
mitosis 0.0015 1546 765 1651 862
mitosis 0.0015 296 1 352 35
mitosis 0.0015 1635 218 1665 267
mitosis 0.0015 165 1404 278 1471
mitosis 0.0015 276 1266 331 1319
mitosis 0.0015 1558 1074 1653 1171
mitosis 0.0015 22 1267 119 1336
mitosis 0.0015 1254 95 1292 130
mitosis 0.0015 -4 76 97 160
mitosis 0.0015 557 602 610 647
mitosis 0.0014 1537 1334 1666 1455
mitosis 0.0014 946 1376 983 1406
mitosis 0.0014 109 651 251 735
mitosis 0.0014 166 41 291 132
mitosis 0.0014 243 21 365 122
mitosis 0.0013 85 1402 215 1472
mitosis 0.0013 546 752 698 915
mitosis 0.0013 19 149 94 202
mitosis 0.0013 942 87 980 122
mitosis 0.0013 203 708 364 843
mitosis 0.0013 1211 1427 1263 1469
mitosis 0.0013 1407 11 1467 61
mitosis 0.0013 1281 1427 1386 1485
mitosis 0.0013 538 652 691 766
mitosis 0.0013 -19 938 99 1049
mitosis 0.0013 977 295 1098 377
mitosis 0.0013 127 974 161 1003
mitosis 0.0012 1156 262 1197 299
mitosis 0.0012 217 1168 258 1200
mitosis 0.0012 -26 869 94 982
mitosis 0.0012 -1 110 100 192
mitosis 0.0012 731 1408 848 1480
mitosis 0.0012 1553 111 1663 243
mitosis 0.0012 731 433 865 527
mitosis 0.0012 1568 41 1662 154
mitosis 0.0012 482 275 613 362
mitosis 0.0012 118 701 266 829
mitosis 0.0012 854 830 918 898
mitosis 0.0012 1193 1043 1240 1092
mitosis 0.0012 1137 1011 1248 1105
mitosis 0.0012 1562 669 1662 789
mitosis 0.0012 153 679 205 716
mitosis 0.0012 1380 0 1500 107
mitosis 0.0012 68 982 103 1015
mitosis 0.0012 -2 1105 127 1222
mitosis 0.0012 461 760 640 935
mitosis 0.0011 704 281 734 308
mitosis 0.0011 723 422 758 450
mitosis 0.0011 1560 787 1609 831
mitosis 0.0011 256 1241 367 1333
mitosis 0.0011 1614 0 1665 27
mitosis 0.0011 942 1103 1000 1148
mitosis 0.0011 1117 1327 1221 1382
mitosis 0.0011 787 4 834 23
mitosis 0.0011 1474 664 1515 700
mitosis 0.0011 639 1113 673 1143
mitosis 0.0011 1010 749 1045 776
mitosis 0.0011 1614 1225 1661 1303
mitosis 0.0011 -22 797 116 919
mitosis 0.0011 1110 672 1202 747
mitosis 0.0011 -228 459 792 974
mitosis 0.0011 1100 971 1162 1030
mitosis 0.0011 -12 278 90 384
mitosis 0.0011 -12 593 412 964
mitosis 0.0011 1425 0 1486 51
mitosis 0.0011 -32 714 106 858
mitosis 0.0011 717 1349 850 1465
mitosis 0.0010 122 1439 158 1470
mitosis 0.0010 106 -1 149 16
mitosis 0.0010 1485 1364 1618 1473
mitosis 0.0010 1347 1139 1417 1181
mitosis 0.0010 614 787 788 937
mitosis 0.0010 1330 283 1461 377
mitosis 0.0010 203 548 380 705
mitosis 0.0010 434 1283 554 1373
mitosis 0.0010 775 1310 941 1462
mitosis 0.0010 958 210 1112 342
mitosis 0.0010 1611 669 1656 737
mitosis 0.0010 1544 1041 1649 1129
mitosis 0.0010 853 679 896 718
mitosis 0.0010 605 1231 662 1282
mitosis 0.0010 208 419 376 539
mitosis 0.0010 1 13 97 101
mitosis 0.0010 309 913 429 1030
mitosis 0.0010 1315 1139 1398 1178
mitosis 0.0010 1056 -4 1193 86
mitosis 0.0010 247 1045 283 1076
mitosis 0.0010 1059 1324 1164 1414
