mitosis 0.6128 1180 345 1255 418
mitosis 0.4223 508 1259 561 1307
mitosis 0.3860 517 440 578 498
mitosis 0.3667 36 1156 80 1200
mitosis 0.1422 1231 1416 1298 1470
mitosis 0.0817 103 939 136 969
mitosis 0.0436 962 324 1000 360
mitosis 0.0414 1476 57 1522 99
mitosis 0.0370 593 1135 664 1200
mitosis 0.0273 1633 329 1663 368
mitosis 0.0250 1633 167 1664 212
mitosis 0.0250 1456 1440 1527 1484
mitosis 0.0222 1274 553 1316 588
mitosis 0.0217 35 1142 93 1211
mitosis 0.0200 721 826 765 860
mitosis 0.0199 1361 1437 1402 1475
mitosis 0.0188 134 271 172 313
mitosis 0.0140 1136 321 1271 505
mitosis 0.0114 822 100 1580 697
mitosis 0.0094 580 1308 613 1342
mitosis 0.0091 491 1253 575 1319
mitosis 0.0089 522 1260 587 1311
mitosis 0.0085 1192 327 1358 493
mitosis 0.0075 822 464 863 498
mitosis 0.0073 1075 1460 1117 1485
mitosis 0.0072 1162 360 1237 434
mitosis 0.0072 855 1023 933 1079
mitosis 0.0072 1550 181 1613 238
mitosis 0.0070 1143 276 1263 426
mitosis 0.0069 1147 1083 1179 1113
mitosis 0.0069 1187 331 1279 405
mitosis 0.0067 634 1111 674 1142
mitosis 0.0063 -2 364 23 402
mitosis 0.0060 561 633 610 679
mitosis 0.0057 692 806 728 835
mitosis 0.0050 540 1102 591 1143
mitosis 0.0048 1442 1450 1510 1486
mitosis 0.0047 494 453 582 523
mitosis 0.0044 1603 405 1656 453
mitosis 0.0043 419 169 471 210
mitosis 0.0041 1086 1152 1130 1187
mitosis 0.0041 182 3 893 798
mitosis 0.0041 476 418 596 560
mitosis 0.0040 1447 39 1538 103
mitosis 0.0039 519 1242 571 1295
mitosis 0.0039 46 1157 105 1203
mitosis 0.0037 1516 1244 1556 1275
mitosis 0.0036 1617 363 1661 437
mitosis 0.0035 26 1306 72 1349
mitosis 0.0033 457 366 601 494
mitosis 0.0033 190 986 227 1020
mitosis 0.0032 567 1301 623 1343
mitosis 0.0031 1446 1424 1542 1493
mitosis 0.0031 646 761 693 801
mitosis 0.0031 874 -2 925 21
mitosis 0.0031 1248 566 1308 616
mitosis 0.0030 155 699 186 727
mitosis 0.0030 1142 331 1244 411
mitosis 0.0030 417 659 468 715
mitosis 0.0030 1161 1178 1200 1211
mitosis 0.0029 866 1132 926 1179
mitosis 0.0029 152 231 716 750
mitosis 0.0029 1270 1413 1390 1481
mitosis 0.0028 707 819 756 858
mitosis 0.0028 403 145 490 213
mitosis 0.0027 174 262 211 302
mitosis 0.0027 467 1208 606 1392
mitosis 0.0026 1186 550 1225 584
mitosis 0.0026 1325 1407 1383 1467
mitosis 0.0026 795 1107 849 1160
mitosis 0.0025 1240 583 1292 625
mitosis 0.0024 482 1259 545 1309
mitosis 0.0024 945 339 1273 501
mitosis 0.0024 240 437 637 577
mitosis 0.0024 529 1269 604 1325
mitosis 0.0023 505 704 548 742
mitosis 0.0023 515 403 700 558
mitosis 0.0023 1542 167 1645 244
mitosis 0.0021 220 421 390 560
mitosis 0.0021 1377 21 1417 58
mitosis 0.0021 32 534 77 572
mitosis 0.0021 1163 367 1263 460
mitosis 0.0021 1402 1438 1500 1483
mitosis 0.0021 281 767 328 805
mitosis 0.0021 294 425 459 572
mitosis 0.0020 1216 1201 1257 1235
mitosis 0.0020 538 621 639 695
mitosis 0.0020 725 1151 778 1198
mitosis 0.0020 503 402 606 495
mitosis 0.0020 550 1111 619 1169
mitosis 0.0019 1272 0 1330 35
mitosis 0.0019 109 248 199 318
mitosis 0.0019 836 1117 940 1182
mitosis 0.0019 110 1003 967 1569
mitosis 0.0019 1242 1329 1297 1371
mitosis 0.0018 -357 9 921 965
mitosis 0.0018 96 151 134 184
mitosis 0.0018 191 296 232 335
mitosis 0.0018 1197 271 1358 416
mitosis 0.0017 459 1175 605 1307
mitosis 0.0017 244 676 380 796
mitosis 0.0017 948 301 1020 378
mitosis 0.0017 906 1139 1480 1743
mitosis 0.0017 1143 262 1202 305
mitosis 0.0017 778 1091 847 1153
mitosis 0.0016 1149 1370 1184 1399
mitosis 0.0016 1046 1396 1344 1518
mitosis 0.0016 1228 553 1324 615
mitosis 0.0016 1088 1157 1182 1229
mitosis 0.0016 1202 375 1288 442
mitosis 0.0016 153 268 215 320
mitosis 0.0016 1567 307 1669 416
mitosis 0.0016 131 409 166 439
mitosis 0.0016 1291 -9 1441 77
mitosis 0.0016 1348 1417 1412 1486
mitosis 0.0015 1540 50 1656 177
mitosis 0.0015 1441 1155 1488 1197
mitosis 0.0015 229 1226 662 1393
mitosis 0.0015 179 1343 223 1382
mitosis 0.0015 532 1148 702 1300
mitosis 0.0015 1088 1156 1152 1204
mitosis 0.0015 1227 1375 1312 1468
mitosis 0.0015 125 656 280 765
mitosis 0.0015 1322 1402 1367 1449
mitosis 0.0014 112 257 164 313
mitosis 0.0014 1567 364 1661 455
mitosis 0.0014 534 457 603 515
mitosis 0.0014 1249 539 1355 603
mitosis 0.0014 1054 1463 1105 1484
mitosis 0.0014 92 911 163 984
mitosis 0.0014 -23 354 592 646
mitosis 0.0014 1210 1393 1353 1517
mitosis 0.0013 -2 702 33 748
mitosis 0.0013 -9 659 102 760
mitosis 0.0013 124 584 276 699
mitosis 0.0013 1538 4 1642 87
mitosis 0.0013 1077 1448 1159 1485
mitosis 0.0013 1519 1407 1646 1492
mitosis 0.0013 1117 1168 1173 1214
mitosis 0.0013 988 1169 1083 1244
mitosis 0.0013 1187 292 1261 392
mitosis 0.0013 220 580 381 705
mitosis 0.0013 808 84 910 160
mitosis 0.0012 751 902 804 942
mitosis 0.0012 711 797 783 879
mitosis 0.0012 1132 1080 1183 1118
mitosis 0.0012 1280 561 1326 592
mitosis 0.0012 222 350 376 484
mitosis 0.0012 1512 175 1628 268
mitosis 0.0012 489 630 619 719
mitosis 0.0012 977 1190 1043 1242
mitosis 0.0012 855 1134 948 1199
mitosis 0.0011 541 1098 705 1222
mitosis 0.0011 -80 551 482 870
mitosis 0.0011 1054 1452 1121 1483
mitosis 0.0011 -8 699 102 801
mitosis 0.0011 158 1271 218 1318
mitosis 0.0011 5 513 109 587
mitosis 0.0011 223 496 395 629
mitosis 0.0011 298 348 454 501
mitosis 0.0011 699 486 737 516
mitosis 0.0011 830 106 877 144
mitosis 0.0011 1131 -10 1283 108
mitosis 0.0011 363 1186 402 1213
mitosis 0.0011 1534 1229 1670 1360
mitosis 0.0011 556 1307 609 1348
mitosis 0.0011 -7 349 109 463
mitosis 0.0010 -209 525 958 1346
mitosis 0.0010 1227 -3 1359 75
mitosis 0.0010 1200 408 1352 554
mitosis 0.0010 1242 203 1290 232
mitosis 0.0010 962 1032 1141 1177
mitosis 0.0010 832 1012 910 1078
mitosis 0.0010 881 0 943 30
mitosis 0.0010 264 747 362 820
mitosis 0.0010 40 712 192 837
mitosis 0.0010 185 1371 385 1490
mitosis 0.0010 -11 782 127 919
mitosis 0.0010 1604 327 1662 377
mitosis 0.0010 297 782 433 922
mitosis 0.0010 1277 1129 1330 1173
mitosis 0.0010 1546 586 1674 706
mitosis 0.0010 827 1457 872 1482
mitosis 0.0010 44 647 193 760
mitosis 0.0010 1297 947 1334 980
mitosis 0.0010 47 795 190 945
mitosis 0.0010 1184 538 1309 613
mitosis 0.0010 1475 1436 1604 1484
mitosis 0.0010 1470 1 1520 19
mitosis 0.0010 1120 1437 1247 1491
mitosis 0.0010 94 912 218 996
mitosis 0.0010 296 846 467 1008
mitosis 0.0010 557 80 603 112
mitosis 0.0010 129 719 287 842
mitosis 0.0010 1528 1173 1660 1299
mitosis 0.0010 176 263 230 314
mitosis 0.0010 408 101 499 227
mitosis 0.0010 621 668 773 800
mitosis 0.0010 763 1100 872 1181
mitosis 0.0010 115 936 164 971
