mitosis 0.5862 818 270 877 316
mitosis 0.5368 1322 1374 1398 1429
mitosis 0.3018 978 441 1027 485
mitosis 0.1860 267 188 300 221
mitosis 0.1471 1380 643 1443 702
mitosis 0.1424 48 840 94 883
mitosis 0.1286 1 190 35 234
mitosis 0.1047 52 238 86 271
mitosis 0.0908 475 111 517 155
mitosis 0.0542 1211 120 1246 157
mitosis 0.0425 144 150 180 189
mitosis 0.0291 976 424 1041 492
mitosis 0.0243 37 990 91 1041
mitosis 0.0223 831 571 870 604
mitosis 0.0222 436 525 478 571
mitosis 0.0213 368 138 405 175
mitosis 0.0208 1097 740 1141 783
mitosis 0.0197 992 843 1036 878
mitosis 0.0189 841 269 888 311
mitosis 0.0188 1437 214 1478 255
mitosis 0.0177 754 1454 793 1487
mitosis 0.0159 1205 409 1262 461
mitosis 0.0152 1470 547 1519 594
mitosis 0.0148 1129 445 1201 500
mitosis 0.0144 614 20 658 61
mitosis 0.0129 731 516 770 557
mitosis 0.0121 1604 522 1647 559
mitosis 0.0115 821 251 897 320
mitosis 0.0113 793 1346 837 1390
mitosis 0.0108 1634 1078 1663 1113
mitosis 0.0107 325 474 365 523
mitosis 0.0099 1278 1351 1446 1543
mitosis 0.0091 191 1123 234 1160
mitosis 0.0086 888 116 926 154
mitosis 0.0083 263 170 296 211
mitosis 0.0081 1256 92 1287 127
mitosis 0.0080 544 467 588 521
mitosis 0.0077 991 1073 1743 1789
mitosis 0.0074 426 1355 470 1401
mitosis 0.0074 44 826 102 904
mitosis 0.0073 470 97 531 168
mitosis 0.0072 1057 1105 1495 1631
mitosis 0.0068 255 38 295 74
mitosis 0.0065 411 854 445 894
mitosis 0.0058 1297 1319 1433 1453
mitosis 0.0055 318 1351 360 1391
mitosis 0.0053 256 286 287 319
mitosis 0.0049 -6 1224 36 1276
mitosis 0.0045 1108 1327 1433 1449
mitosis 0.0044 1152 412 1255 493
mitosis 0.0044 734 1164 783 1207
mitosis 0.0043 1173 585 1206 620
mitosis 0.0042 1016 1092 1054 1130
mitosis 0.0041 1339 1351 1416 1421
mitosis 0.0040 266 198 301 235
mitosis 0.0040 493 741 534 772
mitosis 0.0040 799 1397 836 1433
mitosis 0.0038 1333 261 1375 296
mitosis 0.0038 4 175 45 227
mitosis 0.0036 1297 633 1440 784
mitosis 0.0034 449 522 492 570
mitosis 0.0034 1071 734 1168 795
mitosis 0.0034 8 73 39 108
mitosis 0.0033 20 982 106 1047
mitosis 0.0033 974 846 1037 903
mitosis 0.0032 460 643 507 694
mitosis 0.0031 1310 1376 1361 1420
mitosis 0.0031 931 392 1794 1014
mitosis 0.0031 1197 393 1276 471
mitosis 0.0030 357 64 393 97
mitosis 0.0030 1002 327 1040 361
mitosis 0.0030 338 9 373 37
mitosis 0.0029 1347 1373 1425 1433
mitosis 0.0028 746 1428 802 1485
mitosis 0.0028 432 507 494 583
mitosis 0.0028 38 869 135 969
mitosis 0.0027 1599 516 1657 572
mitosis 0.0026 1301 1382 1375 1439
mitosis 0.0026 628 724 671 768
mitosis 0.0026 769 120 821 176
mitosis 0.0026 817 1011 872 1076
mitosis 0.0025 904 1350 947 1396
mitosis 0.0025 202 229 246 277
mitosis 0.0025 261 165 321 238
mitosis 0.0024 852 197 900 250
mitosis 0.0024 73 1403 113 1440
mitosis 0.0024 332 468 388 521
mitosis 0.0022 59 897 125 964
mitosis 0.0022 521 452 603 533
mitosis 0.0022 1631 408 1663 446
mitosis 0.0022 429 1 469 28
mitosis 0.0022 1583 1057 1620 1097
mitosis 0.0022 733 1444 791 1484
mitosis 0.0020 604 882 644 919
mitosis 0.0020 812 1035 863 1088
mitosis 0.0020 522 560 703 718
mitosis 0.0020 1384 636 1496 774
mitosis 0.0019 1448 1019 1506 1060
mitosis 0.0019 794 266 926 411
mitosis 0.0019 37 849 120 923
mitosis 0.0019 0 45 46 107
mitosis 0.0019 779 371 835 425
mitosis 0.0019 1636 982 1663 1022
mitosis 0.0019 944 847 1033 924
mitosis 0.0019 1466 529 1531 605
mitosis 0.0018 12 2 53 38
mitosis 0.0018 1119 424 1187 490
mitosis 0.0018 811 276 882 348
mitosis 0.0018 133 130 193 208
mitosis 0.0018 445 1142 498 1190
mitosis 0.0018 39 218 97 302
mitosis 0.0018 1376 346 1428 390
mitosis 0.0017 427 489 530 568
mitosis 0.0017 1072 1372 1469 1543
mitosis 0.0017 1118 257 1156 288
mitosis 0.0017 1556 1393 1668 1478
mitosis 0.0016 699 223 875 337
mitosis 0.0016 598 6 691 74
mitosis 0.0016 57 246 94 277
mitosis 0.0016 458 -32 1099 539
mitosis 0.0016 438 622 549 723
mitosis 0.0016 1544 1361 1668 1456
mitosis 0.0016 67 881 118 930
mitosis 0.0016 780 1305 883 1404
mitosis 0.0015 745 1371 797 1419
mitosis 0.0015 868 415 1043 571
mitosis 0.0015 389 97 425 137
mitosis 0.0015 1573 1042 1666 1122
mitosis 0.0015 1382 1332 1421 1371
mitosis 0.0015 1297 588 1442 710
mitosis 0.0015 1571 504 1660 579
mitosis 0.0015 484 37 526 80
mitosis 0.0015 166 1072 223 1133
mitosis 0.0015 416 1321 510 1410
mitosis 0.0015 253 163 286 197
mitosis 0.0014 1238 483 1286 523
mitosis 0.0014 83 608 134 659
mitosis 0.0014 938 878 992 925
mitosis 0.0014 729 506 838 585
mitosis 0.0014 605 1 662 57
mitosis 0.0014 -98 218 1317 1039
mitosis 0.0014 350 1414 401 1460
mitosis 0.0013 924 976 959 1010
mitosis 0.0013 159 21 199 60
mitosis 0.0013 1620 1066 1664 1110
mitosis 0.0013 755 104 844 181
mitosis 0.0013 1547 1241 1689 1381
mitosis 0.0013 1108 1380 1289 1493
mitosis 0.0013 205 693 253 733
mitosis 0.0013 158 1077 255 1159
mitosis 0.0013 225 8 315 90
mitosis 0.0013 2 73 45 137
mitosis 0.0013 1490 1249 1525 1281
mitosis 0.0013 802 480 851 522
mitosis 0.0013 307 460 390 541
mitosis 0.0013 1449 215 1488 249
mitosis 0.0013 890 127 938 163
mitosis 0.0013 381 464 417 503
mitosis 0.0012 335 0 384 40
mitosis 0.0012 703 1322 749 1372
mitosis 0.0012 438 655 501 713
mitosis 0.0012 1056 290 1104 328
mitosis 0.0012 1334 646 1423 715
mitosis 0.0012 48 593 141 676
mitosis 0.0012 308 731 351 775
mitosis 0.0012 341 480 446 560
mitosis 0.0012 236 20 287 64
mitosis 0.0012 271 915 314 956
mitosis 0.0012 815 501 880 586
mitosis 0.0012 138 158 179 202
mitosis 0.0012 102 377 147 416
mitosis 0.0012 321 187 367 227
mitosis 0.0012 471 329 506 364
mitosis 0.0012 802 1279 896 1374
mitosis 0.0012 841 568 893 604
mitosis 0.0012 1425 1027 1499 1069
mitosis 0.0012 1126 1369 1162 1399
mitosis 0.0011 1513 1396 1556 1426
mitosis 0.0011 959 204 999 242
mitosis 0.0011 1615 1460 1661 1485
mitosis 0.0011 267 162 310 208
mitosis 0.0011 521 458 660 586
mitosis 0.0011 711 879 871 1038
mitosis 0.0011 380 443 848 829
mitosis 0.0011 1036 1304 1067 1330
mitosis 0.0011 1204 99 1261 181
mitosis 0.0011 254 176 297 256
mitosis 0.0011 976 841 1025 883
mitosis 0.0011 704 502 795 577
mitosis 0.0011 249 282 299 325
mitosis 0.0011 865 98 953 167
mitosis 0.0011 646 19 779 149
mitosis 0.0011 668 0 726 36
mitosis 0.0011 974 451 1030 502
mitosis 0.0011 1102 399 1211 510
mitosis 0.0011 164 35 194 76
mitosis 0.0011 24 1221 106 1288
mitosis 0.0010 1109 742 1168 791
mitosis 0.0010 3 569 56 636
mitosis 0.0010 629 539 792 675
mitosis 0.0010 544 171 1335 781
mitosis 0.0010 473 640 522 686
mitosis 0.0010 517 93 690 256
mitosis 0.0010 805 225 929 330
mitosis 0.0010 1553 1158 1686 1301
mitosis 0.0010 432 1334 498 1394
mitosis 0.0010 711 1149 805 1232
mitosis 0.0010 343 101 431 182
mitosis 0.0010 1378 829 1415 859
mitosis 0.0010 420 593 510 700
mitosis 0.0010 823 -9 950 98
mitosis 0.0010 26 839 81 891
mitosis 0.0010 596 707 696 785
mitosis 0.0010 786 222 820 258
mitosis 0.0010 423 1403 585 1492
mitosis 0.0010 964 448 1071 555
mitosis 0.0010 785 988 852 1054
mitosis 0.0010 283 1332 393 1420
mitosis 0.0010 773 983 810 1019
mitosis 0.0010 298 1300 415 1409
mitosis 0.0010 720 536 869 662
