mitosis 0.6157 108 89 161 150
mitosis 0.5382 379 792 453 854
mitosis 0.2465 479 16 537 71
mitosis 0.2119 1285 1308 1344 1358
mitosis 0.1944 480 87 539 147
mitosis 0.1383 1182 381 1235 428
mitosis 0.0983 420 410 481 469
mitosis 0.0646 1367 1165 1414 1214
mitosis 0.0580 598 1176 650 1219
mitosis 0.0400 49 193 96 227
mitosis 0.0265 780 940 856 992
mitosis 0.0256 1392 0 1459 53
mitosis 0.0187 681 1321 725 1359
mitosis 0.0145 1619 456 1662 525
mitosis 0.0138 1178 361 1247 437
mitosis 0.0097 1421 324 1465 368
mitosis 0.0097 60 259 105 299
mitosis 0.0092 1555 1064 1598 1108
mitosis 0.0088 287 780 452 934
mitosis 0.0086 1621 487 1662 534
mitosis 0.0075 375 795 511 926
mitosis 0.0074 -20 525 744 1177
mitosis 0.0074 395 796 480 859
mitosis 0.0068 444 1262 477 1299
mitosis 0.0065 935 1220 973 1252
mitosis 0.0063 1561 837 1612 882
mitosis 0.0058 453 1427 487 1462
mitosis 0.0055 875 12 919 51
mitosis 0.0054 1362 1278 1412 1323
mitosis 0.0054 264 112 315 170
mitosis 0.0052 1599 103 1643 141
mitosis 0.0044 18 141 52 183
mitosis 0.0043 589 1162 660 1230
mitosis 0.0041 1624 440 1665 506
mitosis 0.0041 439 190 525 270
mitosis 0.0040 1305 1056 1351 1105
mitosis 0.0039 1574 81 1664 164
mitosis 0.0037 377 746 507 852
mitosis 0.0037 461 61 544 146
mitosis 0.0037 70 882 101 915
mitosis 0.0036 1594 958 1648 1011
mitosis 0.0034 122 23 157 55
mitosis 0.0034 93 67 181 147
mitosis 0.0031 1272 1286 1334 1365
mitosis 0.0031 54 57 183 192
mitosis 0.0031 293 734 445 860
mitosis 0.0030 709 913 865 1093
mitosis 0.0030 1599 1230 1629 1262
mitosis 0.0030 524 962 561 998
mitosis 0.0029 250 99 341 177
mitosis 0.0029 1352 1154 1437 1222
mitosis 0.0028 -236 -214 462 407
mitosis 0.0027 460 213 521 270
mitosis 0.0026 1555 289 1624 363
mitosis 0.0026 42 184 84 222
mitosis 0.0025 15 145 68 200
mitosis 0.0025 936 1194 980 1240
mitosis 0.0024 549 257 587 288
mitosis 0.0024 443 198 498 256
mitosis 0.0024 562 939 601 975
mitosis 0.0024 385 410 512 563
mitosis 0.0022 24 732 55 766
mitosis 0.0022 374 669 1184 1324
mitosis 0.0022 369 807 444 881
mitosis 0.0021 409 383 474 462
mitosis 0.0021 2 730 45 785
mitosis 0.0021 939 1173 985 1214
mitosis 0.0020 389 402 467 474
mitosis 0.0020 42 114 181 265
mitosis 0.0019 1563 21 1655 128
mitosis 0.0019 5 128 58 183
mitosis 0.0019 40 170 113 243
mitosis 0.0019 467 44 596 200
mitosis 0.0019 1256 1399 1298 1456
mitosis 0.0019 476 102 557 167
mitosis 0.0019 422 412 513 489
mitosis 0.0018 1203 1288 1366 1455
mitosis 0.0018 1565 882 1652 995
mitosis 0.0017 1391 1 1486 88
mitosis 0.0017 1278 865 1310 901
mitosis 0.0017 536 146 575 179
mitosis 0.0017 13 114 880 831
mitosis 0.0017 88 -236 970 425
mitosis 0.0017 779 927 947 1078
mitosis 0.0017 665 1310 755 1379
mitosis 0.0017 1571 937 1653 1021
mitosis 0.0016 1546 822 1637 905
mitosis 0.0016 863 988 918 1034
mitosis 0.0016 1544 258 1650 358
mitosis 0.0015 394 372 510 482
mitosis 0.0015 1586 438 1665 537
mitosis 0.0015 129 802 164 850
mitosis 0.0015 904 1179 996 1253
mitosis 0.0015 369 604 400 632
mitosis 0.0015 1418 0 1570 88
mitosis 0.0014 904 1277 952 1314
mitosis 0.0014 886 442 1038 580
mitosis 0.0014 1054 277 1224 421
mitosis 0.0014 368 -6 537 114
mitosis 0.0014 1012 1 1071 38
mitosis 0.0014 716 890 859 998
mitosis 0.0014 966 985 1610 1592
mitosis 0.0014 1564 1166 1671 1291
mitosis 0.0013 309 170 350 209
mitosis 0.0013 1337 1385 1520 1486
mitosis 0.0013 399 273 529 451
mitosis 0.0013 544 949 598 992
mitosis 0.0013 378 567 414 601
mitosis 0.0013 1379 -18 1515 106
mitosis 0.0013 92 737 123 771
mitosis 0.0013 365 835 437 902
mitosis 0.0013 115 39 269 186
mitosis 0.0013 439 1320 612 1466
mitosis 0.0013 1538 1397 1652 1484
mitosis 0.0013 1240 1382 1351 1468
mitosis 0.0013 840 1 913 52
mitosis 0.0013 1367 739 1471 823
mitosis 0.0013 1389 297 1497 380
mitosis 0.0013 954 567 1114 699
mitosis 0.0013 788 409 963 562
mitosis 0.0012 1213 1243 1364 1373
mitosis 0.0012 699 828 813 932
mitosis 0.0012 488 68 563 134
mitosis 0.0012 460 -14 595 120
mitosis 0.0012 946 423 1107 568
mitosis 0.0012 1284 1256 1348 1364
mitosis 0.0012 232 372 491 489
mitosis 0.0012 367 60 540 193
mitosis 0.0012 1543 1038 1636 1120
mitosis 0.0012 338 1409 481 1482
mitosis 0.0012 50 236 121 316
mitosis 0.0012 1560 339 1660 488
mitosis 0.0012 940 139 973 173
mitosis 0.0012 1354 1171 1400 1212
mitosis 0.0012 475 902 614 1019
mitosis 0.0012 -6 681 94 787
mitosis 0.0012 -251 -406 615 616
mitosis 0.0012 385 763 459 840
mitosis 0.0012 213 1397 390 1490
mitosis 0.0011 780 794 946 956
mitosis 0.0011 36 200 131 296
mitosis 0.0011 394 1411 523 1481
mitosis 0.0011 1548 943 1658 1057
mitosis 0.0011 20 1412 151 1481
mitosis 0.0011 1533 1447 1576 1480
mitosis 0.0011 1566 1200 1667 1340
mitosis 0.0011 472 126 581 256
mitosis 0.0011 1285 1050 1376 1134
mitosis 0.0011 9 590 54 644
mitosis 0.0011 809 282 946 382
mitosis 0.0011 0 -3 111 100
mitosis 0.0011 1271 -7 1471 110
mitosis 0.0011 372 658 530 824
mitosis 0.0010 380 488 526 627
mitosis 0.0010 1100 -370 1792 433
mitosis 0.0010 1371 -2 1449 39
mitosis 0.0010 460 1135 601 1236
mitosis 0.0010 1185 388 1241 461
mitosis 0.0010 472 1162 527 1214
mitosis 0.0010 468 246 605 386
mitosis 0.0010 973 3 1098 71
mitosis 0.0010 1529 845 1646 974
mitosis 0.0010 -1 738 39 809
mitosis 0.0010 302 -2 449 110
mitosis 0.0010 952 334 1133 484
mitosis 0.0010 854 8 963 67
mitosis 0.0010 207 -10 362 124
mitosis 0.0010 726 979 879 1129
mitosis 0.0010 866 568 1020 686
mitosis 0.0010 707 410 872 559
mitosis 0.0010 781 887 941 995
mitosis 0.0010 1146 365 1262 471
mitosis 0.0010 1285 1321 1350 1385
mitosis 0.0010 868 334 1053 480
mitosis 0.0010 1350 292 1477 396
mitosis 0.0010 745 273 891 397
mitosis 0.0010 1537 425 1661 555
mitosis 0.0010 796 514 959 646
mitosis 0.0010 685 1330 736 1371
mitosis 0.0010 1626 1041 1662 1093
