mitosis 0.6115 653 371 731 438
mitosis 0.4828 1596 367 1654 430
mitosis 0.1779 974 831 1039 883
mitosis 0.0618 1398 1022 1451 1067
mitosis 0.0381 796 645 853 694
mitosis 0.0203 1381 286 1422 316
mitosis 0.0161 680 1347 736 1396
mitosis 0.0144 45 995 88 1037
mitosis 0.0140 1147 438 1188 475
mitosis 0.0138 1056 1419 1097 1455
mitosis 0.0138 640 350 760 490
mitosis 0.0132 5 1332 34 1366
mitosis 0.0131 313 77 1087 712
mitosis 0.0121 1483 1088 1524 1132
mitosis 0.0118 509 1376 550 1406
mitosis 0.0117 1463 1452 1507 1486
mitosis 0.0093 1137 1299 1173 1325
mitosis 0.0091 1368 1410 1429 1471
mitosis 0.0083 487 363 736 486
mitosis 0.0080 1044 1263 1080 1303
mitosis 0.0077 615 175 670 220
mitosis 0.0070 1630 1437 1666 1485
mitosis 0.0066 1426 1445 1510 1483
mitosis 0.0063 1299 1450 1345 1484
mitosis 0.0062 783 635 864 706
mitosis 0.0060 819 1020 858 1053
mitosis 0.0058 1601 1437 1660 1484
mitosis 0.0057 595 300 650 354
mitosis 0.0051 1406 1446 1475 1485
mitosis 0.0050 1639 475 1662 515
mitosis 0.0048 1341 35 1409 100
mitosis 0.0048 1475 1438 1557 1484
mitosis 0.0045 1279 1390 1332 1438
mitosis 0.0044 687 1335 739 1383
mitosis 0.0044 1494 372 1556 428
mitosis 0.0044 142 546 195 605
mitosis 0.0039 806 1337 834 1367
mitosis 0.0037 96 1446 152 1483
mitosis 0.0036 493 96 532 126
mitosis 0.0035 122 529 211 616
mitosis 0.0035 634 397 761 568
mitosis 0.0035 374 181 426 224
mitosis 0.0033 328 129 463 249
mitosis 0.0033 634 298 748 423
mitosis 0.0032 0 1322 40 1370
mitosis 0.0032 560 435 602 477
mitosis 0.0031 810 494 846 530
mitosis 0.0031 1305 1224 1356 1275
mitosis 0.0030 661 906 698 939
mitosis 0.0029 1391 1006 1457 1081
mitosis 0.0029 1558 344 1679 483
mitosis 0.0029 670 1359 714 1396
mitosis 0.0029 626 484 663 515
mitosis 0.0028 824 615 868 662
mitosis 0.0028 586 299 693 394
mitosis 0.0027 719 1430 754 1463
mitosis 0.0027 1270 321 1331 377
mitosis 0.0027 51 1243 92 1278
mitosis 0.0027 981 810 1064 888
mitosis 0.0027 669 1455 704 1483
mitosis 0.0027 801 705 838 742
mitosis 0.0026 671 1335 757 1399
mitosis 0.0026 892 991 943 1050
mitosis 0.0025 1269 1338 1312 1378
mitosis 0.0025 1359 1415 1465 1478
mitosis 0.0025 1168 111 2067 679
mitosis 0.0024 1258 312 1352 386
mitosis 0.0023 92 1303 134 1341
mitosis 0.0023 945 819 1032 901
mitosis 0.0022 652 1042 685 1071
mitosis 0.0022 1492 1419 1615 1483
mitosis 0.0021 885 174 920 204
mitosis 0.0021 889 833 920 861
mitosis 0.0021 1430 1118 1469 1157
mitosis 0.0021 0 1268 20 1303
mitosis 0.0021 1557 290 1671 419
mitosis 0.0020 1501 1433 1574 1479
mitosis 0.0020 572 1391 611 1424
mitosis 0.0019 1637 1424 1664 1474
mitosis 0.0019 821 760 855 792
mitosis 0.0019 1539 1079 1585 1127
mitosis 0.0019 966 857 1087 998
mitosis 0.0018 1023 1064 1099 1116
mitosis 0.0018 595 507 1295 1185
mitosis 0.0018 560 285 652 367
mitosis 0.0018 1551 879 1675 1002
mitosis 0.0018 26 986 83 1047
mitosis 0.0017 871 819 1039 916
mitosis 0.0017 1596 376 1680 445
mitosis 0.0017 1206 58 1254 104
mitosis 0.0016 1496 362 1589 433
mitosis 0.0016 497 461 536 495
mitosis 0.0016 1602 150 1634 178
mitosis 0.0016 411 1324 459 1359
mitosis 0.0016 717 1436 767 1478
mitosis 0.0015 1612 151 1643 181
mitosis 0.0015 1394 344 1663 504
mitosis 0.0015 788 1407 845 1465
mitosis 0.0015 1265 1391 1365 1468
mitosis 0.0015 1336 1399 1415 1470
mitosis 0.0015 587 156 693 233
mitosis 0.0015 224 67 521 321
mitosis 0.0015 965 845 1027 894
mitosis 0.0015 531 1010 567 1040
mitosis 0.0015 926 376 964 412
mitosis 0.0015 -237 -199 987 552
mitosis 0.0014 1145 425 1185 466
mitosis 0.0014 1509 1452 1572 1488
mitosis 0.0014 1578 1450 1640 1486
mitosis 0.0014 974 790 1052 869
mitosis 0.0014 546 440 593 482
mitosis 0.0014 711 1404 836 1486
mitosis 0.0014 1581 332 1649 433
mitosis 0.0014 562 381 699 484
mitosis 0.0014 790 689 847 743
mitosis 0.0013 171 125 562 410
mitosis 0.0013 1027 1399 1134 1472
mitosis 0.0013 1270 1406 1323 1447
mitosis 0.0013 718 1450 756 1482
mitosis 0.0013 513 423 604 498
mitosis 0.0013 82 1422 206 1488
mitosis 0.0012 737 1455 782 1485
mitosis 0.0012 1301 150 1338 185
mitosis 0.0012 766 1399 878 1477
mitosis 0.0012 1603 342 1655 413
mitosis 0.0012 1204 560 1232 587
mitosis 0.0012 636 384 719 463
mitosis 0.0012 676 308 874 504
mitosis 0.0012 861 979 958 1065
mitosis 0.0012 295 30 456 190
mitosis 0.0012 1467 1070 1568 1142
mitosis 0.0012 448 95 619 262
mitosis 0.0012 172 1061 206 1100
mitosis 0.0012 548 623 586 659
mitosis 0.0012 266 -153 1257 974
mitosis 0.0011 1053 1388 1102 1450
mitosis 0.0011 1232 146 1276 191
mitosis 0.0011 687 277 855 421
mitosis 0.0011 506 451 567 501
mitosis 0.0011 1552 1388 1654 1481
mitosis 0.0011 971 844 1057 912
mitosis 0.0011 0 615 36 663
mitosis 0.0011 971 936 1127 1110
mitosis 0.0011 472 196 627 337
mitosis 0.0011 190 1267 223 1299
mitosis 0.0011 767 598 838 667
mitosis 0.0011 696 1355 749 1400
mitosis 0.0011 1579 273 1658 362
mitosis 0.0011 -8 626 115 764
mitosis 0.0011 767 593 815 638
mitosis 0.0011 1547 784 1670 906
mitosis 0.0011 39 625 177 762
mitosis 0.0011 201 3 258 50
mitosis 0.0011 47 345 184 465
mitosis 0.0011 1000 823 1090 908
mitosis 0.0011 33 1065 169 1214
mitosis 0.0010 1522 1070 1579 1120
mitosis 0.0010 1607 1368 1658 1452
mitosis 0.0010 32 1205 147 1309
mitosis 0.0010 682 1265 735 1312
mitosis 0.0010 391 31 550 187
mitosis 0.0010 1406 1033 1461 1085
mitosis 0.0010 133 1051 286 1189
mitosis 0.0010 514 950 677 1084
mitosis 0.0010 1550 1152 1668 1297
mitosis 0.0010 1282 1206 1344 1267
mitosis 0.0010 -12 1067 113 1211
mitosis 0.0010 1337 230 1445 335
mitosis 0.0010 230 271 381 399
mitosis 0.0010 238 338 388 478
mitosis 0.0010 650 613 697 654
mitosis 0.0010 29 1406 146 1479
mitosis 0.0010 822 633 874 684
mitosis 0.0010 621 806 775 944
mitosis 0.0010 137 1248 168 1276
mitosis 0.0010 1309 40 1421 187
mitosis 0.0010 137 446 264 578
mitosis 0.0010 38 980 105 1051
mitosis 0.0010 1275 1440 1340 1487
mitosis 0.0010 616 925 787 1080
mitosis 0.0010 487 88 540 136
