mitosis 0.6131 435 1001 506 1062
mitosis 0.5929 1134 847 1205 908
mitosis 0.1672 642 126 702 179
mitosis 0.0952 446 1457 491 1487
mitosis 0.0947 1367 284 1409 331
mitosis 0.0837 1447 1048 1487 1084
mitosis 0.0831 -6 1080 31 1131
mitosis 0.0684 1215 950 1255 988
mitosis 0.0495 1245 1443 1296 1490
mitosis 0.0427 208 32 265 87
mitosis 0.0364 844 129 893 184
mitosis 0.0311 931 120 967 158
mitosis 0.0284 1085 58 1122 92
mitosis 0.0266 412 984 468 1031
mitosis 0.0253 813 1451 856 1482
mitosis 0.0244 1618 28 1654 70
mitosis 0.0232 744 619 799 672
mitosis 0.0229 27 1412 65 1447
mitosis 0.0186 975 955 1017 991
mitosis 0.0170 450 211 499 254
mitosis 0.0169 503 31 580 104
mitosis 0.0160 1609 1129 1654 1180
mitosis 0.0157 0 983 31 1035
mitosis 0.0145 340 100 386 145
mitosis 0.0143 693 837 734 887
mitosis 0.0119 183 1455 229 1484
mitosis 0.0119 1539 1407 1579 1447
mitosis 0.0113 1536 0 1572 21
mitosis 0.0108 630 114 718 187
mitosis 0.0107 1218 1311 1260 1360
mitosis 0.0103 628 1283 665 1321
mitosis 0.0101 1541 850 1580 890
mitosis 0.0101 1523 774 1553 806
mitosis 0.0100 861 765 891 798
mitosis 0.0090 615 20 665 77
mitosis 0.0090 1563 686 1599 722
mitosis 0.0090 1368 264 1423 343
mitosis 0.0086 624 329 671 369
mitosis 0.0083 1202 1021 1236 1057
mitosis 0.0081 273 1099 310 1135
mitosis 0.0080 829 567 867 604
mitosis 0.0078 752 1215 794 1257
mitosis 0.0072 731 611 814 685
mitosis 0.0072 626 1453 687 1489
mitosis 0.0069 1587 958 1628 1000
mitosis 0.0067 415 982 454 1016
mitosis 0.0061 1499 101 1540 137
mitosis 0.0059 1253 1449 1321 1487
mitosis 0.0058 823 1456 869 1484
mitosis 0.0055 394 984 521 1169
mitosis 0.0052 959 205 1010 246
mitosis 0.0048 460 1004 524 1058
mitosis 0.0047 840 368 892 410
mitosis 0.0045 834 953 888 1003
mitosis 0.0045 1179 103 1219 138
mitosis 0.0043 771 504 1455 1193
mitosis 0.0043 995 955 1032 992
mitosis 0.0043 1441 1026 1502 1097
mitosis 0.0043 830 115 918 189
mitosis 0.0043 1051 797 1196 939
mitosis 0.0042 396 937 517 1093
mitosis 0.0042 73 674 834 1304
mitosis 0.0041 736 98 778 140
mitosis 0.0040 605 313 664 359
mitosis 0.0037 428 198 514 265
mitosis 0.0036 1124 847 1254 1015
mitosis 0.0036 387 685 421 721
mitosis 0.0035 439 926 612 1093
mitosis 0.0034 450 1453 516 1482
mitosis 0.0033 156 167 197 202
mitosis 0.0031 1266 1136 1318 1199
mitosis 0.0031 1132 807 1257 929
mitosis 0.0030 653 132 725 174
mitosis 0.0030 1036 839 1197 1022
mitosis 0.0030 1149 860 1215 918
mitosis 0.0029 1478 0 1517 26
mitosis 0.0029 1 1070 38 1149
mitosis 0.0028 1002 583 1062 646
mitosis 0.0028 604 423 694 507
mitosis 0.0028 358 953 392 980
mitosis 0.0026 919 103 989 172
mitosis 0.0026 1447 100 1495 133
mitosis 0.0026 789 304 826 344
mitosis 0.0026 221 971 257 1002
mitosis 0.0025 566 1393 605 1434
mitosis 0.0025 1235 1427 1310 1495
mitosis 0.0025 812 943 901 1015
mitosis 0.0024 518 155 580 217
mitosis 0.0024 566 302 608 337
mitosis 0.0024 978 658 1029 715
mitosis 0.0023 1172 1208 1212 1248
mitosis 0.0023 57 1381 105 1424
mitosis 0.0023 292 122 324 152
mitosis 0.0022 338 995 385 1034
mitosis 0.0022 778 723 806 752
mitosis 0.0021 688 820 751 898
mitosis 0.0021 596 333 686 434
mitosis 0.0020 -3 609 35 664
mitosis 0.0020 36 1395 89 1439
mitosis 0.0020 1206 928 1272 1003
mitosis 0.0020 987 575 1081 659
mitosis 0.0020 618 475 784 638
mitosis 0.0019 327 83 401 155
mitosis 0.0019 1596 1119 1659 1194
mitosis 0.0018 1610 14 1668 78
mitosis 0.0018 617 1285 662 1335
mitosis 0.0018 1552 180 1606 226
mitosis 0.0018 906 627 942 663
mitosis 0.0018 344 337 379 370
mitosis 0.0018 1353 267 1413 323
mitosis 0.0018 601 14 688 97
mitosis 0.0017 658 1188 701 1225
mitosis 0.0017 516 11 589 85
mitosis 0.0017 1520 1392 1623 1470
mitosis 0.0017 751 1226 789 1271
mitosis 0.0017 786 347 892 434
mitosis 0.0017 440 220 503 271
mitosis 0.0017 600 316 692 388
mitosis 0.0017 275 905 308 931
mitosis 0.0017 1217 614 1251 652
mitosis 0.0016 616 116 773 264
mitosis 0.0016 1332 922 1366 957
mitosis 0.0016 467 49 531 112
mitosis 0.0016 105 486 156 537
mitosis 0.0016 389 998 495 1080
mitosis 0.0015 1377 282 1440 330
mitosis 0.0015 893 1313 927 1344
mitosis 0.0015 930 187 1055 289
mitosis 0.0015 627 169 780 341
mitosis 0.0015 886 499 1066 646
mitosis 0.0015 -7 1062 44 1125
mitosis 0.0015 1609 1223 1648 1265
mitosis 0.0015 1210 1295 1269 1377
mitosis 0.0014 1142 263 1194 304
mitosis 0.0014 1141 1405 1197 1453
mitosis 0.0014 949 280 1108 434
mitosis 0.0014 1239 1420 1352 1487
mitosis 0.0014 618 58 776 195
mitosis 0.0014 602 343 727 468
mitosis 0.0014 956 935 1047 1010
mitosis 0.0013 708 199 878 357
mitosis 0.0013 1182 947 1279 1049
mitosis 0.0013 719 1198 833 1292
mitosis 0.0013 12 944 149 1065
mitosis 0.0013 757 566 857 670
mitosis 0.0013 280 111 322 156
mitosis 0.0013 860 269 1043 416
mitosis 0.0013 884 1380 926 1418
mitosis 0.0013 221 29 336 122
mitosis 0.0013 957 394 1106 551
mitosis 0.0013 983 382 1031 435
mitosis 0.0013 187 1400 298 1469
mitosis 0.0013 1135 1158 1258 1275
mitosis 0.0013 1195 1006 1241 1053
mitosis 0.0013 708 398 873 552
mitosis 0.0013 267 493 305 542
mitosis 0.0013 18 1412 74 1467
mitosis 0.0013 676 610 816 734
mitosis 0.0013 552 213 691 363
mitosis 0.0013 881 403 1057 553
mitosis 0.0013 1059 920 1220 1075
mitosis 0.0012 1572 936 1651 1011
mitosis 0.0012 1486 -2 1552 35
mitosis 0.0012 782 91 904 182
mitosis 0.0012 931 1465 978 1485
mitosis 0.0012 758 899 896 1017
mitosis 0.0012 -15 955 91 1070
mitosis 0.0012 707 1090 872 1256
mitosis 0.0012 216 1374 315 1453
mitosis 0.0012 791 386 941 544
mitosis 0.0012 1 966 50 1045
mitosis 0.0012 551 454 708 612
mitosis 0.0011 653 780 768 898
mitosis 0.0011 1125 977 1173 1031
mitosis 0.0011 541 710 720 860
mitosis 0.0011 455 334 625 485
mitosis 0.0011 1083 212 1226 341
mitosis 0.0011 160 1432 235 1489
mitosis 0.0011 702 710 869 868
mitosis 0.0011 745 294 878 402
mitosis 0.0011 1162 1118 1310 1255
mitosis 0.0011 253 143 1627 959
mitosis 0.0011 1169 984 1265 1077
mitosis 0.0011 -11 890 103 1026
mitosis 0.0011 1192 1420 1280 1491
mitosis 0.0011 224 1044 369 1162
mitosis 0.0011 281 -342 1107 536
mitosis 0.0011 789 381 834 420
mitosis 0.0011 958 697 1123 865
mitosis 0.0011 729 16 781 73
mitosis 0.0011 712 382 1182 745
mitosis 0.0011 1253 1129 1341 1213
mitosis 0.0011 204 950 383 1080
mitosis 0.0011 790 1435 853 1486
mitosis 0.0011 835 324 1239 654
mitosis 0.0011 946 782 1133 958
mitosis 0.0011 907 633 1047 748
mitosis 0.0011 498 277 644 387
mitosis 0.0011 1025 444 1065 478
mitosis 0.0010 115 942 282 1067
mitosis 0.0010 472 392 919 743
mitosis 0.0010 755 599 834 673
mitosis 0.0010 621 4 682 64
mitosis 0.0010 405 267 441 297
mitosis 0.0010 532 557 716 713
mitosis 0.0010 867 1010 1040 1165
mitosis 0.0010 449 987 607 1163
mitosis 0.0010 499 1074 549 1119
mitosis 0.0010 863 794 1029 940
mitosis 0.0010 404 1463 457 1483
mitosis 0.0010 1376 134 1411 162
mitosis 0.0010 948 352 1088 481
mitosis 0.0010 816 1445 925 1482
mitosis 0.0010 429 1454 477 1484
mitosis 0.0010 378 249 536 388
mitosis 0.0010 1531 700 1647 822
mitosis 0.0010 778 176 944 332
mitosis 0.0010 1489 726 1626 847
mitosis 0.0010 370 1317 409 1350
mitosis 0.0010 1536 663 1636 743
mitosis 0.0010 100 1216 144 1260
mitosis 0.0010 572 587 833 713
mitosis 0.0010 1558 1230 1668 1369
mitosis 0.0010 936 1284 1135 1464
mitosis 0.0010 791 775 944 928
mitosis 0.0010 -13 1039 86 1136
mitosis 0.0010 1139 1166 1172 1212
mitosis 0.0010 795 1003 959 1160
mitosis 0.0010 803 1429 878 1491
