mitosis 0.2054 1301 1228 1390 1304
mitosis 0.1657 124 701 176 763
mitosis 0.1235 1008 382 1080 435
mitosis 0.1218 680 254 749 309
mitosis 0.0508 259 399 312 451
mitosis 0.0328 -1 16 24 50
mitosis 0.0304 272 413 309 451
mitosis 0.0286 1358 581 1414 630
mitosis 0.0224 1273 1218 1325 1267
mitosis 0.0205 -8 295 47 362
mitosis 0.0199 307 607 367 661
mitosis 0.0191 1607 696 1659 769
mitosis 0.0191 453 1021 514 1092
mitosis 0.0171 989 1403 1044 1442
mitosis 0.0162 1268 1210 1352 1297
mitosis 0.0158 449 1003 504 1057
mitosis 0.0155 463 933 498 964
mitosis 0.0120 1249 858 1306 906
mitosis 0.0115 1629 358 1663 402
mitosis 0.0093 222 719 266 765
mitosis 0.0080 75 863 132 924
mitosis 0.0078 350 1244 392 1285
mitosis 0.0077 524 725 565 761
mitosis 0.0072 1283 1231 1443 1376
mitosis 0.0063 811 88 846 122
mitosis 0.0057 1342 569 1427 638
mitosis 0.0054 1165 1218 1402 1388
mitosis 0.0054 1576 691 1655 778
mitosis 0.0052 936 883 1789 1693
mitosis 0.0051 158 1118 198 1149
mitosis 0.0051 242 382 323 458
mitosis 0.0047 1289 1188 1434 1299
mitosis 0.0044 769 49 822 100
mitosis 0.0044 1151 857 1192 895
mitosis 0.0043 657 231 741 316
mitosis 0.0040 898 841 928 868
mitosis 0.0038 434 1001 521 1080
mitosis 0.0038 1533 653 1571 690
mitosis 0.0038 1469 639 1512 679
mitosis 0.0037 -4 8 37 50
mitosis 0.0036 0 568 28 615
mitosis 0.0035 37 848 131 926
mitosis 0.0035 1085 1158 1125 1196
mitosis 0.0034 1272 1135 1310 1169
mitosis 0.0034 461 1132 493 1168
mitosis 0.0031 470 1255 518 1296
mitosis 0.0030 980 355 1091 482
mitosis 0.0030 281 416 327 454
mitosis 0.0029 463 1046 508 1098
mitosis 0.0028 1192 1179 1385 1303
mitosis 0.0028 644 92 1422 696
mitosis 0.0027 968 1396 1061 1451
mitosis 0.0027 1340 1012 1384 1052
mitosis 0.0025 954 890 1008 933
mitosis 0.0024 1331 1238 1406 1302
mitosis 0.0023 1382 1191 1421 1223
mitosis 0.0023 1020 387 1107 452
mitosis 0.0023 1392 1382 1432 1417
mitosis 0.0023 119 698 219 772
mitosis 0.0021 456 932 499 994
mitosis 0.0021 776 1283 824 1323
mitosis 0.0021 872 837 903 865
mitosis 0.0020 1124 826 1158 854
mitosis 0.0020 1475 1258 1529 1300
mitosis 0.0020 968 396 1097 565
mitosis 0.0020 1014 328 1202 488
mitosis 0.0019 1187 1235 1229 1267
mitosis 0.0019 642 1435 686 1468
mitosis 0.0019 758 32 846 111
mitosis 0.0019 446 928 496 970
mitosis 0.0019 957 260 997 298
mitosis 0.0018 426 1130 497 1182
mitosis 0.0018 1010 339 1087 424
mitosis 0.0018 778 56 838 110
mitosis 0.0018 0 723 25 762
mitosis 0.0018 937 879 1020 936
mitosis 0.0018 1244 837 1302 898
mitosis 0.0018 288 131 326 166
mitosis 0.0017 1637 1353 1664 1389
mitosis 0.0017 16 840 82 902
mitosis 0.0017 883 836 923 868
mitosis 0.0017 28 1323 69 1356
mitosis 0.0016 676 1088 731 1137
mitosis 0.0016 430 1078 534 1172
mitosis 0.0016 211 697 270 782
mitosis 0.0016 1355 1384 1508 1469
mitosis 0.0016 310 582 386 664
mitosis 0.0016 629 262 767 410
mitosis 0.0015 348 1197 381 1230
mitosis 0.0015 1561 1389 1677 1483
mitosis 0.0015 397 1014 513 1146
mitosis 0.0014 795 77 849 119
mitosis 0.0014 415 970 483 1046
mitosis 0.0014 1223 854 1292 912
mitosis 0.0014 1549 695 1609 760
mitosis 0.0014 1122 -13 1271 88
mitosis 0.0014 350 1204 389 1247
mitosis 0.0013 296 -49 1108 549
mitosis 0.0013 1637 630 1662 670
mitosis 0.0013 1274 289 1310 323
mitosis 0.0013 690 240 776 319
mitosis 0.0013 486 353 540 398
mitosis 0.0013 297 55 397 146
mitosis 0.0013 59 1061 105 1111
mitosis 0.0013 1551 -4 1664 95
mitosis 0.0013 1557 1324 1679 1436
mitosis 0.0012 423 1018 482 1077
mitosis 0.0012 -1 288 81 371
mitosis 0.0012 1480 1039 1527 1080
mitosis 0.0012 1635 1288 1666 1328
mitosis 0.0012 1590 214 1630 246
mitosis 0.0012 1024 370 1105 428
mitosis 0.0012 134 922 176 959
mitosis 0.0012 1244 847 1319 920
mitosis 0.0012 337 1230 418 1305
mitosis 0.0012 539 565 712 716
mitosis 0.0012 164 1098 223 1147
mitosis 0.0012 45 1049 141 1124
mitosis 0.0012 1146 1331 1194 1370
mitosis 0.0011 309 52 375 120
mitosis 0.0011 48 1387 207 1479
mitosis 0.0011 997 394 1069 456
mitosis 0.0011 1117 1321 1187 1369
mitosis 0.0011 1355 1345 1491 1430
mitosis 0.0011 784 524 854 582
mitosis 0.0011 1559 783 1668 915
mitosis 0.0011 29 746 867 1383
mitosis 0.0011 629 564 803 709
mitosis 0.0011 1488 1378 1644 1483
mitosis 0.0011 1476 150 1529 197
mitosis 0.0010 454 569 617 733
mitosis 0.0010 23 826 78 883
mitosis 0.0010 1200 -17 1353 92
mitosis 0.0010 2 317 59 388
mitosis 0.0010 1123 827 1168 870
mitosis 0.0010 279 1386 454 1494
mitosis 0.0010 -139 1045 909 1817
mitosis 0.0010 789 359 1096 490
mitosis 0.0010 0 504 35 589
mitosis 0.0010 1403 617 1528 716
mitosis 0.0010 1613 679 1659 741
mitosis 0.0010 961 935 1121 1068
mitosis 0.0010 698 194 850 333
mitosis 0.0010 1554 1254 1676 1370
mitosis 0.0010 1086 1063 1141 1102
mitosis 0.0010 -8 1374 130 1475
mitosis 0.0010 446 1006 603 1141
mitosis 0.0010 85 825 133 883
mitosis 0.0010 232 378 303 438
mitosis 0.0010 1189 1418 1225 1443
mitosis 0.0010 54 723 172 847
mitosis 0.0010 1547 694 1682 871
mitosis 0.0010 1558 334 1659 445
