mitosis 0.4457 1280 345 1334 388
mitosis 0.4237 1467 1003 1505 1041
mitosis 0.2971 1591 1110 1648 1169
mitosis 0.0931 1463 1360 1516 1402
mitosis 0.0765 763 885 815 932
mitosis 0.0611 726 934 787 986
mitosis 0.0578 522 -1 567 37
mitosis 0.0460 933 297 989 346
mitosis 0.0402 1279 331 1345 400
mitosis 0.0310 897 -3 940 29
mitosis 0.0268 117 149 157 189
mitosis 0.0171 517 13 574 70
mitosis 0.0171 117 497 171 549
mitosis 0.0140 417 455 451 491
mitosis 0.0139 968 257 1010 295
mitosis 0.0132 1485 735 1537 770
mitosis 0.0132 522 38 574 79
mitosis 0.0131 1603 943 1639 983
mitosis 0.0110 1464 986 1517 1050
mitosis 0.0110 1461 1341 1528 1415
mitosis 0.0107 148 432 206 486
mitosis 0.0103 493 407 531 451
mitosis 0.0099 1147 1150 1198 1199
mitosis 0.0092 1096 904 1133 936
mitosis 0.0090 723 910 803 997
mitosis 0.0081 794 590 834 625
mitosis 0.0076 218 444 260 485
mitosis 0.0076 648 322 681 355
mitosis 0.0076 69 0 118 40
mitosis 0.0076 1355 1346 1393 1378
mitosis 0.0073 645 1016 690 1054
mitosis 0.0070 761 866 824 942
mitosis 0.0069 958 259 1015 313
mitosis 0.0069 724 1353 769 1389
mitosis 0.0066 1580 1121 1654 1192
mitosis 0.0065 938 955 977 999
mitosis 0.0060 776 552 819 588
mitosis 0.0059 1632 599 1663 643
mitosis 0.0050 170 805 220 854
mitosis 0.0050 737 887 822 960
mitosis 0.0049 900 1381 936 1409
mitosis 0.0049 480 367 520 411
mitosis 0.0048 1149 1142 1189 1182
mitosis 0.0047 1559 929 1587 958
mitosis 0.0047 1457 995 1503 1065
mitosis 0.0046 1464 1012 1501 1054
mitosis 0.0045 928 276 1008 358
mitosis 0.0044 482 388 531 445
mitosis 0.0042 1639 101 1662 137
mitosis 0.0042 1395 105 1432 141
mitosis 0.0038 76 390 113 432
mitosis 0.0035 692 1120 729 1157
mitosis 0.0033 780 569 830 622
mitosis 0.0031 1446 1002 1497 1043
mitosis 0.0031 94 1351 138 1385
mitosis 0.0029 1291 1079 1347 1122
mitosis 0.0029 99 486 185 564
mitosis 0.0029 895 421 936 457
mitosis 0.0029 774 879 835 929
mitosis 0.0028 664 553 696 584
mitosis 0.0028 1150 1170 1196 1213
mitosis 0.0028 1420 657 1471 697
mitosis 0.0028 948 758 995 799
mitosis 0.0027 279 1100 315 1138
mitosis 0.0027 582 1170 627 1208
mitosis 0.0027 258 465 309 512
mitosis 0.0026 1600 1025 1636 1058
mitosis 0.0026 1618 350 1651 377
mitosis 0.0025 110 124 168 204
mitosis 0.0024 1390 949 1442 993
mitosis 0.0024 1405 1058 1455 1106
mitosis 0.0024 277 206 311 244
mitosis 0.0022 1549 1088 1683 1225
mitosis 0.0021 1591 1089 1667 1162
mitosis 0.0021 584 1156 684 1238
mitosis 0.0021 698 1105 751 1150
mitosis 0.0021 79 1110 125 1153
mitosis 0.0020 1551 125 1592 165
mitosis 0.0020 1227 300 1268 340
mitosis 0.0020 1499 1260 1532 1288
mitosis 0.0019 126 422 223 512
mitosis 0.0019 1641 1160 1664 1199
mitosis 0.0019 1305 1070 1355 1115
mitosis 0.0018 1290 352 1357 395
mitosis 0.0018 1584 1157 1643 1211
mitosis 0.0018 1207 815 2023 1460
mitosis 0.0017 1214 331 1357 491
mitosis 0.0017 1024 1187 1075 1234
mitosis 0.0017 877 938 915 976
mitosis 0.0017 1598 1018 1647 1067
mitosis 0.0017 1557 297 1669 405
mitosis 0.0017 563 1337 601 1375
mitosis 0.0017 465 347 555 430
mitosis 0.0017 556 199 601 233
mitosis 0.0016 754 82 791 120
mitosis 0.0016 1572 947 1657 1032
mitosis 0.0016 620 1170 687 1235
mitosis 0.0016 737 941 815 1002
mitosis 0.0016 1416 667 1532 757
mitosis 0.0015 82 103 176 191
mitosis 0.0015 1472 31 1571 113
mitosis 0.0015 155 786 253 864
mitosis 0.0015 527 21 607 78
mitosis 0.0015 1566 735 1608 779
mitosis 0.0015 1541 1028 1674 1164
mitosis 0.0014 434 455 467 492
mitosis 0.0014 158 47 189 75
mitosis 0.0014 1617 578 1664 642
mitosis 0.0014 507 14 585 99
mitosis 0.0014 1274 895 1760 1407
mitosis 0.0014 916 949 972 997
mitosis 0.0014 311 1014 353 1066
mitosis 0.0014 1482 694 1532 729
mitosis 0.0014 1337 1107 1708 1228
mitosis 0.0014 1383 869 1422 898
mitosis 0.0014 1264 350 1321 393
mitosis 0.0014 1463 712 1560 781
mitosis 0.0014 531 0 611 43
mitosis 0.0014 1523 51 1648 161
mitosis 0.0014 104 132 153 187
mitosis 0.0013 1056 239 1115 284
mitosis 0.0013 1435 609 1482 646
mitosis 0.0013 866 -3 962 56
mitosis 0.0013 1373 768 1428 801
mitosis 0.0013 1161 1253 1204 1289
mitosis 0.0013 747 1320 810 1375
mitosis 0.0013 963 1174 995 1207
mitosis 0.0013 1282 352 1347 424
mitosis 0.0013 586 1166 650 1220
mitosis 0.0013 1471 35 1534 83
mitosis 0.0013 839 105 1722 699
mitosis 0.0013 118 446 205 526
mitosis 0.0013 895 280 988 364
mitosis 0.0012 1395 609 1503 693
mitosis 0.0012 700 714 858 867
mitosis 0.0012 1641 733 1664 775
mitosis 0.0012 93 524 153 583
mitosis 0.0012 1121 1381 1292 1482
mitosis 0.0012 556 1462 615 1485
mitosis 0.0012 1562 931 1651 996
mitosis 0.0012 1367 950 1404 983
mitosis 0.0011 28 41 66 82
mitosis 0.0011 723 1324 817 1394
mitosis 0.0011 1541 446 1672 567
mitosis 0.0011 199 50 240 93
mitosis 0.0011 1302 1410 1336 1442
mitosis 0.0011 1558 1114 1626 1162
mitosis 0.0011 915 1248 966 1285
mitosis 0.0011 1284 334 1436 483
mitosis 0.0011 1532 102 1654 210
mitosis 0.0011 1556 1237 1687 1379
mitosis 0.0011 560 1167 625 1224
mitosis 0.0011 703 1160 867 1315
mitosis 0.0011 649 721 688 760
mitosis 0.0011 76 -1 140 45
mitosis 0.0011 1562 337 1666 450
mitosis 0.0011 1129 1146 1220 1223
mitosis 0.0011 476 2 570 72
mitosis 0.0011 434 364 538 478
mitosis 0.0010 678 821 823 956
mitosis 0.0010 1011 1018 1058 1052
mitosis 0.0010 1236 123 1273 154
mitosis 0.0010 969 1397 1003 1423
mitosis 0.0010 45 158 75 200
mitosis 0.0010 496 422 525 459
mitosis 0.0010 1538 1127 1700 1310
mitosis 0.0010 653 1051 771 1164
mitosis 0.0010 1614 2 1659 53
mitosis 0.0010 1473 1001 1632 1128
mitosis 0.0010 142 440 187 482
mitosis 0.0010 831 387 955 524
mitosis 0.0010 1383 96 1426 143
mitosis 0.0010 751 1376 905 1470
mitosis 0.0010 1554 923 1595 964
mitosis 0.0010 944 1382 1117 1478
mitosis 0.0010 737 1367 839 1438
mitosis 0.0010 198 429 290 515
mitosis 0.0010 232 247 343 374
mitosis 0.0010 728 883 837 1002
mitosis 0.0010 759 542 846 630
mitosis 0.0010 309 576 1072 1266
mitosis 0.0010 617 880 789 1014
