mitosis 0.6595 1023 162 1078 215
mitosis 0.6074 934 66 1009 135
mitosis 0.6007 494 628 548 677
mitosis 0.5781 56 1431 122 1492
mitosis 0.3926 1096 -7 1155 38
mitosis 0.1833 121 454 172 511
mitosis 0.1627 878 878 922 921
mitosis 0.1093 -4 129 29 174
mitosis 0.0906 633 748 675 784
mitosis 0.0824 1100 1182 1136 1217
mitosis 0.0410 928 1130 971 1178
mitosis 0.0384 1355 1015 1398 1057
mitosis 0.0334 322 1184 365 1228
mitosis 0.0286 418 1117 469 1161
mitosis 0.0278 162 1206 218 1252
mitosis 0.0232 881 27 1022 209
mitosis 0.0227 578 -170 1322 368
mitosis 0.0207 1616 1459 1660 1487
mitosis 0.0186 1395 1449 1438 1482
mitosis 0.0168 215 831 271 892
mitosis 0.0168 1203 614 1244 658
mitosis 0.0160 1601 55 1650 108
mitosis 0.0140 1351 1020 1403 1086
mitosis 0.0140 867 -27 1026 144
mitosis 0.0132 1442 265 1478 302
mitosis 0.0119 1357 1047 1405 1097
mitosis 0.0111 949 35 1095 198
mitosis 0.0096 1081 2 1162 55
mitosis 0.0092 873 855 931 939
mitosis 0.0091 1600 -5 1663 24
mitosis 0.0087 98 754 147 802
mitosis 0.0086 107 446 188 519
mitosis 0.0086 666 371 701 410
mitosis 0.0076 795 1386 853 1448
mitosis 0.0063 565 78 618 129
mitosis 0.0060 941 416 994 457
mitosis 0.0058 1028 173 1091 228
mitosis 0.0057 1579 34 1656 125
mitosis 0.0056 526 1200 594 1260
mitosis 0.0054 1106 -2 1186 40
mitosis 0.0052 526 412 569 450
mitosis 0.0050 1076 -6 1137 33
mitosis 0.0049 1485 27 1528 72
mitosis 0.0047 652 -2 697 31
mitosis 0.0047 519 1207 561 1255
mitosis 0.0046 978 1335 1026 1387
mitosis 0.0046 363 713 391 743
mitosis 0.0044 1136 836 1170 868
mitosis 0.0044 771 854 825 907
mitosis 0.0043 533 1355 569 1395
mitosis 0.0043 190 829 277 908
mitosis 0.0041 624 726 694 797
mitosis 0.0041 52 1402 141 1484
mitosis 0.0040 920 1116 978 1193
mitosis 0.0040 181 853 249 916
mitosis 0.0040 1597 -11 1668 50
mitosis 0.0040 163 1442 239 1485
mitosis 0.0040 -276 1111 344 1766
mitosis 0.0039 -50 1379 130 1528
mitosis 0.0038 1066 1089 1112 1134
mitosis 0.0038 964 25 1082 121
mitosis 0.0036 781 1379 871 1463
mitosis 0.0036 35 1433 100 1490
mitosis 0.0035 695 886 741 927
mitosis 0.0035 1049 -2 1129 47
mitosis 0.0034 481 604 545 672
mitosis 0.0034 1105 1169 1145 1219
mitosis 0.0033 501 612 573 674
mitosis 0.0032 1220 1464 1266 1485
mitosis 0.0031 480 639 535 698
mitosis 0.0030 740 1183 781 1228
mitosis 0.0030 354 688 386 726
mitosis 0.0030 76 1150 120 1196
mitosis 0.0029 -3 114 40 192
mitosis 0.0029 412 1101 482 1171
mitosis 0.0029 972 118 1095 269
mitosis 0.0029 950 166 1106 349
mitosis 0.0028 225 1041 269 1092
mitosis 0.0028 1629 362 1662 400
mitosis 0.0028 1532 283 1565 315
mitosis 0.0027 158 334 732 924
mitosis 0.0026 939 84 1025 173
mitosis 0.0026 402 108 451 156
mitosis 0.0026 582 -3 632 35
mitosis 0.0026 151 1193 234 1263
mitosis 0.0026 38 1390 192 1516
mitosis 0.0026 961 1322 1048 1399
mitosis 0.0025 314 585 580 709
mitosis 0.0025 1607 2 1660 69
mitosis 0.0024 657 -250 1548 598
mitosis 0.0024 98 123 149 175
mitosis 0.0024 1023 107 1190 267
mitosis 0.0023 643 44 1063 208
mitosis 0.0023 1591 775 1630 819
mitosis 0.0022 1595 399 1648 460
mitosis 0.0022 558 28 632 111
mitosis 0.0022 1451 982 1492 1025
mitosis 0.0022 551 61 638 137
mitosis 0.0022 546 1300 581 1336
mitosis 0.0022 312 1170 370 1242
mitosis 0.0022 1598 1465 1645 1484
mitosis 0.0021 1625 31 1664 90
mitosis 0.0021 263 753 299 796
mitosis 0.0021 1182 597 1269 671
mitosis 0.0021 1597 112 1645 171
mitosis 0.0021 1028 979 1079 1030
mitosis 0.0020 458 630 605 781
mitosis 0.0020 -2 1425 42 1476
mitosis 0.0020 601 774 635 808
mitosis 0.0020 905 1098 941 1135
mitosis 0.0020 618 0 696 34
mitosis 0.0019 1630 10 1663 58
mitosis 0.0019 839 -7 979 128
mitosis 0.0019 1403 1451 1460 1487
mitosis 0.0019 883 105 1017 260
mitosis 0.0019 482 575 574 679
mitosis 0.0018 1092 1166 1149 1239
mitosis 0.0018 1028 140 1104 218
mitosis 0.0018 1199 410 1238 451
mitosis 0.0018 875 893 923 935
mitosis 0.0018 1117 1180 1155 1220
mitosis 0.0018 1605 1447 1657 1484
mitosis 0.0018 1561 371 1655 477
mitosis 0.0018 1237 536 1279 576
mitosis 0.0017 805 252 841 284
mitosis 0.0017 612 753 661 795
mitosis 0.0017 195 1443 302 1485
mitosis 0.0017 1366 1026 1426 1095
mitosis 0.0017 1593 761 1649 818
mitosis 0.0017 908 1101 957 1151
mitosis 0.0017 348 680 383 714
mitosis 0.0017 1567 87 1652 194
mitosis 0.0017 133 1425 256 1485
mitosis 0.0017 78 741 169 818
mitosis 0.0016 699 -12 839 91
mitosis 0.0016 1301 1394 1335 1426
mitosis 0.0016 114 467 168 527
mitosis 0.0016 1610 352 1659 431
mitosis 0.0016 469 618 562 706
mitosis 0.0016 1598 944 1640 991
mitosis 0.0016 959 81 1030 145
mitosis 0.0016 1377 1430 1450 1499
mitosis 0.0016 153 1453 213 1485
mitosis 0.0016 784 851 871 918
mitosis 0.0015 475 626 530 680
mitosis 0.0015 1640 1301 1664 1353
mitosis 0.0015 824 863 917 930
mitosis 0.0015 1562 316 1661 430
mitosis 0.0015 1311 20 1361 58
mitosis 0.0015 1027 1115 1055 1152
mitosis 0.0015 116 419 173 501
mitosis 0.0015 869 925 1036 1094
mitosis 0.0015 60 438 184 544
mitosis 0.0015 1547 734 1661 847
mitosis 0.0014 740 845 838 920
mitosis 0.0014 -6 1362 42 1449
mitosis 0.0014 -2 1129 37 1206
mitosis 0.0014 905 47 1004 120
mitosis 0.0013 1504 362 1638 489
mitosis 0.0013 1301 91 1343 135
mitosis 0.0013 1357 523 1390 561
mitosis 0.0013 1278 1257 1303 1292
mitosis 0.0013 1501 430 1638 548
mitosis 0.0013 1577 1402 1665 1486
mitosis 0.0013 -256 141 486 799
mitosis 0.0013 679 150 719 187
mitosis 0.0013 -2 61 45 157
mitosis 0.0013 1604 1415 1659 1481
mitosis 0.0013 1405 1359 1438 1396
mitosis 0.0012 -1 1097 36 1178
mitosis 0.0012 802 1025 975 1175
mitosis 0.0012 1491 611 1611 712
mitosis 0.0012 1541 412 1645 522
mitosis 0.0012 1180 218 1227 262
mitosis 0.0012 276 687 317 726
mitosis 0.0012 1014 1014 1134 1142
mitosis 0.0012 1536 3 1643 100
mitosis 0.0012 1057 -37 1180 127
mitosis 0.0012 237 831 290 888
mitosis 0.0012 616 -6 741 74
mitosis 0.0012 1471 653 1604 761
mitosis 0.0012 1052 1094 1105 1146
mitosis 0.0012 1340 1453 1386 1483
mitosis 0.0012 51 356 88 388
mitosis 0.0012 1342 1425 1384 1469
mitosis 0.0012 1457 1418 1511 1451
mitosis 0.0012 883 707 930 750
mitosis 0.0012 664 0 727 35
mitosis 0.0012 1464 1 1556 89
mitosis 0.0012 -1 510 36 572
mitosis 0.0011 1403 1433 1495 1477
mitosis 0.0011 1494 505 1633 636
mitosis 0.0011 1087 1191 1133 1233
mitosis 0.0011 467 1163 500 1192
mitosis 0.0011 447 1151 565 1269
mitosis 0.0011 1015 6 1101 72
mitosis 0.0011 923 389 1012 471
mitosis 0.0011 1315 353 1452 468
mitosis 0.0011 1449 1387 1614 1486
mitosis 0.0011 120 435 268 536
mitosis 0.0011 1422 992 1486 1041
mitosis 0.0011 358 567 408 610
mitosis 0.0011 1393 661 1535 772
mitosis 0.0010 1465 742 1612 858
mitosis 0.0010 1559 1460 1599 1484
mitosis 0.0010 709 1008 885 1166
mitosis 0.0010 71 1411 177 1488
mitosis 0.0010 1 103 30 166
mitosis 0.0010 -1 620 30 682
mitosis 0.0010 1039 1213 1217 1380
mitosis 0.0010 1073 613 1103 641
mitosis 0.0010 1335 1189 1384 1259
mitosis 0.0010 146 1405 231 1502
mitosis 0.0010 697 728 874 875
mitosis 0.0010 1041 972 1087 1018
mitosis 0.0010 1424 164 1467 198
mitosis 0.0010 320 1195 362 1246
mitosis 0.0010 1403 880 1557 1006
mitosis 0.0010 341 551 406 603
mitosis 0.0010 1513 656 1567 706
mitosis 0.0010 606 1308 790 1477
mitosis 0.0010 803 716 960 840
mitosis 0.0010 1020 1145 1167 1280
mitosis 0.0010 622 41 756 169
mitosis 0.0010 530 1075 702 1263
mitosis 0.0010 1569 413 1635 487
mitosis 0.0010 981 909 1115 1051
mitosis 0.0010 685 830 1203 1192
mitosis 0.0010 61 102 158 175
mitosis 0.0010 1206 1464 1251 1484
mitosis 0.0010 795 927 960 1091
mitosis 0.0010 325 596 1570 1390
