mitosis 0.5401 273 1368 355 1440
mitosis 0.3712 1431 206 1504 270
mitosis 0.1334 522 781 570 827
mitosis 0.1238 210 808 265 857
mitosis 0.0588 638 1138 698 1199
mitosis 0.0476 1098 1145 1139 1188
mitosis 0.0472 1309 416 1361 464
mitosis 0.0324 30 85 84 134
mitosis 0.0321 421 982 480 1031
mitosis 0.0286 1515 508 1581 563
mitosis 0.0264 209 1120 254 1161
mitosis 0.0232 1100 1135 1139 1171
mitosis 0.0182 44 1106 80 1144
mitosis 0.0176 493 1072 543 1114
mitosis 0.0166 1288 1458 1323 1484
mitosis 0.0161 -1 1084 27 1118
mitosis 0.0149 1322 1431 1354 1462
mitosis 0.0121 1546 917 1582 958
mitosis 0.0120 199 1356 377 1544
mitosis 0.0114 518 763 581 837
mitosis 0.0114 1565 1392 1600 1423
mitosis 0.0102 -9 1045 581 1673
mitosis 0.0100 29 1038 69 1070
mitosis 0.0097 21 191 62 233
mitosis 0.0082 220 1328 359 1448
mitosis 0.0075 268 1326 453 1445
mitosis 0.0073 1096 1162 1137 1201
mitosis 0.0071 1416 215 1490 288
mitosis 0.0071 875 367 976 458
mitosis 0.0071 12 74 108 141
mitosis 0.0070 1081 866 1127 905
mitosis 0.0062 1301 398 1375 474
mitosis 0.0060 256 1369 468 1528
mitosis 0.0057 1173 1386 1202 1416
mitosis 0.0052 1397 186 1518 355
mitosis 0.0050 -84 952 806 1900
mitosis 0.0047 1080 -160 1820 506
mitosis 0.0046 1032 1135 1072 1171
mitosis 0.0045 1636 607 1662 658
mitosis 0.0044 411 970 490 1044
mitosis 0.0044 1325 1215 1367 1261
mitosis 0.0044 1527 1332 1566 1366
mitosis 0.0041 194 800 282 863
mitosis 0.0041 277 1393 352 1458
mitosis 0.0040 1393 131 1518 274
mitosis 0.0040 1420 178 1519 262
mitosis 0.0038 261 1384 332 1445
mitosis 0.0035 1439 182 1616 344
mitosis 0.0035 14 771 62 809
mitosis 0.0034 533 775 593 828
mitosis 0.0033 1178 130 1236 177
mitosis 0.0033 90 1372 133 1403
mitosis 0.0033 1308 1448 1344 1482
mitosis 0.0030 92 1347 137 1389
mitosis 0.0030 1171 117 1274 206
mitosis 0.0029 1096 1130 1155 1204
mitosis 0.0029 1168 287 1221 333
mitosis 0.0029 -3 406 36 475
mitosis 0.0029 1308 1435 1359 1473
mitosis 0.0029 1330 368 1402 441
mitosis 0.0029 1064 1311 1094 1349
mitosis 0.0028 1466 892 1499 922
mitosis 0.0026 730 924 816 994
mitosis 0.0026 1357 353 1407 389
mitosis 0.0026 912 374 971 445
mitosis 0.0025 102 1328 140 1364
mitosis 0.0025 410 1071 457 1107
mitosis 0.0025 902 1328 935 1362
mitosis 0.0024 666 10 706 42
mitosis 0.0024 372 87 419 131
mitosis 0.0023 1633 622 1664 672
mitosis 0.0023 651 1133 725 1202
mitosis 0.0022 10 1086 42 1126
mitosis 0.0022 16 39 98 129
mitosis 0.0022 2 382 43 423
mitosis 0.0022 655 878 695 913
mitosis 0.0021 -1 436 34 483
mitosis 0.0020 1354 176 1420 227
mitosis 0.0020 1 178 92 249
mitosis 0.0020 149 921 191 955
mitosis 0.0019 121 248 161 285
mitosis 0.0019 1569 144 1666 237
mitosis 0.0019 1239 164 1287 211
mitosis 0.0018 1598 165 1650 222
mitosis 0.0018 881 795 931 834
mitosis 0.0018 875 958 912 993
mitosis 0.0018 1628 1458 1662 1485
mitosis 0.0017 1086 1153 1129 1195
mitosis 0.0017 1376 1317 1410 1348
mitosis 0.0016 68 200 100 227
mitosis 0.0016 617 1161 768 1294
mitosis 0.0016 327 1072 374 1111
mitosis 0.0016 1209 790 1261 835
mitosis 0.0016 1478 492 1605 636
mitosis 0.0015 1499 479 1610 562
mitosis 0.0015 480 764 573 829
mitosis 0.0015 1349 893 1403 946
mitosis 0.0015 1456 492 1574 575
mitosis 0.0015 1347 104 1388 143
mitosis 0.0015 1631 928 1663 991
mitosis 0.0015 838 891 877 922
mitosis 0.0015 491 1055 554 1127
mitosis 0.0015 216 1221 257 1261
mitosis 0.0015 -10 369 98 474
mitosis 0.0014 1064 855 1123 902
mitosis 0.0014 263 831 959 1458
mitosis 0.0014 529 1422 648 1480
mitosis 0.0014 1330 149 1471 245
mitosis 0.0014 1410 451 1473 496
mitosis 0.0014 530 1107 716 1221
mitosis 0.0014 1523 1436 1561 1465
mitosis 0.0014 1037 808 1072 837
mitosis 0.0013 203 1101 258 1156
mitosis 0.0013 220 1380 335 1464
mitosis 0.0013 -1 674 109 798
mitosis 0.0013 896 1097 933 1132
mitosis 0.0013 1143 267 1257 356
mitosis 0.0013 820 311 961 438
mitosis 0.0013 1447 1448 1500 1476
mitosis 0.0013 852 398 911 447
mitosis 0.0013 1551 568 1670 684
mitosis 0.0013 216 817 279 869
mitosis 0.0012 43 1380 185 1469
mitosis 0.0012 -2 761 93 843
mitosis 0.0012 1620 602 1665 668
mitosis 0.0012 369 617 417 651
mitosis 0.0012 145 128 176 160
mitosis 0.0012 1132 213 1917 882
mitosis 0.0012 619 1120 777 1210
mitosis 0.0012 32 1083 96 1156
mitosis 0.0012 26 190 143 286
mitosis 0.0012 384 1068 446 1110
mitosis 0.0012 498 7 599 104
mitosis 0.0012 443 877 599 1003
mitosis 0.0012 434 769 476 805
mitosis 0.0012 640 1096 727 1186
mitosis 0.0011 -10 416 95 514
mitosis 0.0011 4 1065 97 1143
mitosis 0.0011 1228 1136 1256 1170
mitosis 0.0011 125 1297 176 1338
mitosis 0.0011 352 1402 551 1490
mitosis 0.0011 1337 1387 1375 1420
mitosis 0.0011 222 792 275 842
mitosis 0.0011 1270 1297 1297 1327
mitosis 0.0011 26 36 194 180
mitosis 0.0011 10 138 113 221
mitosis 0.0011 183 1097 276 1167
mitosis 0.0011 772 124 904 244
mitosis 0.0011 1544 1396 1651 1479
mitosis 0.0011 419 775 568 896
mitosis 0.0011 -3 565 122 688
mitosis 0.0011 991 858 1148 972
mitosis 0.0010 19 1033 66 1090
mitosis 0.0010 1268 1094 1316 1137
mitosis 0.0010 876 490 1035 625
mitosis 0.0010 -40 39 122 191
mitosis 0.0010 1256 1448 1328 1483
mitosis 0.0010 791 364 970 484
mitosis 0.0010 1193 144 1283 220
mitosis 0.0010 -5 481 118 599
mitosis 0.0010 295 882 460 1024
mitosis 0.0010 -11 1393 117 1481
mitosis 0.0010 1457 259 1615 408
mitosis 0.0010 1616 1419 1669 1481
mitosis 0.0010 1556 -2 1658 84
mitosis 0.0010 289 1356 370 1426
mitosis 0.0010 790 1031 958 1154
mitosis 0.0010 652 1061 704 1106
mitosis 0.0010 692 1026 853 1151
mitosis 0.0010 1443 904 1501 959
mitosis 0.0010 1547 621 1672 749
mitosis 0.0010 535 505 699 624
mitosis 0.0010 542 1260 592 1308
mitosis 0.0010 534 652 707 787
mitosis 0.0010 1513 462 1707 637
mitosis 0.0010 467 791 608 919
mitosis 0.0010 400 1041 470 1109
mitosis 0.0010 -2 330 42 409
mitosis 0.0010 540 428 698 554
mitosis 0.0010 70 1287 172 1378
mitosis 0.0010 349 56 468 148
