mitosis 0.3171 86 887 138 932
mitosis 0.3094 1602 -7 1662 41
mitosis 0.2666 1210 1048 1255 1097
mitosis 0.1320 1528 1376 1572 1422
mitosis 0.0895 664 1065 694 1094
mitosis 0.0879 1283 29 1333 80
mitosis 0.0819 57 719 125 783
mitosis 0.0717 11 774 52 814
mitosis 0.0299 501 183 555 234
mitosis 0.0238 80 871 152 941
mitosis 0.0218 1413 450 1469 502
mitosis 0.0210 1590 1421 1667 1492
mitosis 0.0147 1204 1030 1271 1100
mitosis 0.0139 471 477 521 523
mitosis 0.0137 1085 254 1126 300
mitosis 0.0133 1517 1361 1577 1434
mitosis 0.0131 338 890 375 937
mitosis 0.0123 733 58 786 109
mitosis 0.0120 1169 1055 1203 1089
mitosis 0.0109 282 567 324 610
mitosis 0.0099 844 863 907 922
mitosis 0.0083 1578 0 1658 60
mitosis 0.0081 658 1058 701 1101
mitosis 0.0080 1269 19 1352 87
mitosis 0.0078 1511 801 1568 851
mitosis 0.0076 949 1408 981 1444
mitosis 0.0071 808 690 858 736
mitosis 0.0068 1189 1053 1239 1096
mitosis 0.0067 1398 431 1437 470
mitosis 0.0066 526 17 574 55
mitosis 0.0064 1014 384 1058 442
mitosis 0.0055 1537 1212 1566 1240
mitosis 0.0054 337 1098 381 1157
mitosis 0.0052 607 206 658 265
mitosis 0.0045 -1 755 69 830
mitosis 0.0044 869 819 899 854
mitosis 0.0042 837 316 927 392
mitosis 0.0035 1390 434 1474 505
mitosis 0.0035 1397 426 1453 491
mitosis 0.0034 1001 251 1051 303
mitosis 0.0033 140 354 181 394
mitosis 0.0032 553 1230 597 1269
mitosis 0.0030 663 1315 695 1348
mitosis 0.0030 580 193 671 274
mitosis 0.0030 1408 313 1460 363
mitosis 0.0029 873 327 920 370
mitosis 0.0028 490 172 577 243
mitosis 0.0027 1599 680 1646 726
mitosis 0.0027 1335 473 1375 508
mitosis 0.0024 1255 552 1292 583
mitosis 0.0024 1507 1148 1543 1186
mitosis 0.0023 182 121 220 165
mitosis 0.0023 837 837 924 920
mitosis 0.0022 851 333 911 388
mitosis 0.0022 47 652 175 796
mitosis 0.0022 728 38 797 117
mitosis 0.0021 785 677 874 752
mitosis 0.0021 468 461 534 531
mitosis 0.0021 1183 1029 1244 1103
mitosis 0.0020 -312 292 512 1093
mitosis 0.0020 1001 374 1085 454
mitosis 0.0020 816 858 910 938
mitosis 0.0020 334 1207 363 1248
mitosis 0.0019 56 719 168 851
mitosis 0.0019 972 239 1065 317
mitosis 0.0018 6 773 129 889
mitosis 0.0018 228 1234 261 1270
mitosis 0.0018 291 64 334 99
mitosis 0.0018 77 896 142 950
mitosis 0.0017 866 992 916 1051
mitosis 0.0017 402 71 446 110
mitosis 0.0017 859 820 905 875
mitosis 0.0017 1494 791 1580 858
mitosis 0.0015 8 574 127 713
mitosis 0.0015 1568 659 1661 745
mitosis 0.0015 889 1338 925 1378
mitosis 0.0015 1277 1375 1316 1411
mitosis 0.0014 60 858 132 955
mitosis 0.0014 1080 238 1137 311
mitosis 0.0014 1109 447 1143 482
mitosis 0.0014 56 517 95 562
mitosis 0.0014 -42 726 116 847
mitosis 0.0014 996 226 1103 315
mitosis 0.0014 1205 32 1346 197
mitosis 0.0014 261 935 299 974
mitosis 0.0013 328 1211 375 1259
mitosis 0.0013 231 648 261 679
mitosis 0.0013 100 808 241 929
mitosis 0.0013 1638 452 1665 494
mitosis 0.0013 1572 8 1655 108
mitosis 0.0013 1205 1009 1304 1115
mitosis 0.0013 1222 11 1325 92
mitosis 0.0013 1144 585 1191 623
mitosis 0.0013 1264 23 1323 75
mitosis 0.0013 1562 1 1632 46
mitosis 0.0012 944 1382 976 1430
mitosis 0.0012 976 261 1089 380
mitosis 0.0012 1061 507 1209 644
mitosis 0.0012 1457 899 1508 946
mitosis 0.0012 663 5 794 109
mitosis 0.0012 721 234 781 295
mitosis 0.0012 1555 -23 1683 118
mitosis 0.0012 1190 1044 1271 1126
mitosis 0.0012 738 256 878 381
mitosis 0.0012 148 179 183 215
mitosis 0.0012 533 0 658 85
mitosis 0.0012 115 1195 158 1233
mitosis 0.0012 43 568 160 698
mitosis 0.0011 456 176 562 274
mitosis 0.0011 1085 1018 1234 1144
mitosis 0.0011 1558 116 1657 230
mitosis 0.0011 353 757 386 796
mitosis 0.0011 877 -6 1016 103
mitosis 0.0011 1377 296 1494 379
mitosis 0.0011 1338 388 1456 517
mitosis 0.0011 317 1082 398 1164
mitosis 0.0011 663 539 713 580
mitosis 0.0011 744 318 904 458
mitosis 0.0011 337 873 387 952
mitosis 0.0011 312 1150 417 1275
mitosis 0.0011 1094 248 1139 296
mitosis 0.0011 511 4 606 75
mitosis 0.0011 812 866 924 999
mitosis 0.0010 628 1040 718 1119
mitosis 0.0010 1246 434 1398 550
mitosis 0.0010 566 257 615 316
mitosis 0.0010 512 1394 666 1482
mitosis 0.0010 595 148 738 277
mitosis 0.0010 622 1088 654 1120
mitosis 0.0010 1246 640 1296 693
mitosis 0.0010 743 628 862 747
mitosis 0.0010 942 1366 972 1404
mitosis 0.0010 -58 659 138 789
mitosis 0.0010 253 554 347 629
mitosis 0.0010 765 -7 921 101
mitosis 0.0010 919 1398 1061 1479
mitosis 0.0010 1551 177 1662 315
mitosis 0.0010 176 1404 220 1440
mitosis 0.0010 932 1325 1096 1456
mitosis 0.0010 1030 1395 1220 1487
