mitosis 0.6472 520 444 582 507
mitosis 0.4489 5 1196 72 1260
mitosis 0.3892 1373 947 1427 1000
mitosis 0.3115 1380 47 1423 89
mitosis 0.2191 918 875 978 933
mitosis 0.2138 1218 835 1278 892
mitosis 0.1710 1201 5 1256 53
mitosis 0.1166 846 936 899 982
mitosis 0.0909 167 1209 211 1251
mitosis 0.0834 1552 735 1592 776
mitosis 0.0714 356 1434 412 1484
mitosis 0.0545 893 76 938 115
mitosis 0.0493 627 1255 679 1299
mitosis 0.0473 572 686 619 722
mitosis 0.0415 1079 621 1122 658
mitosis 0.0391 589 106 630 140
mitosis 0.0379 1345 634 1385 668
mitosis 0.0323 1319 -1 1362 32
mitosis 0.0267 216 384 249 417
mitosis 0.0231 190 293 251 344
mitosis 0.0179 1186 1447 1235 1485
mitosis 0.0160 525 1365 577 1415
mitosis 0.0123 511 826 550 862
mitosis 0.0115 1369 29 1433 109
mitosis 0.0113 842 915 917 995
mitosis 0.0101 931 782 980 824
mitosis 0.0081 1459 184 1502 227
mitosis 0.0077 117 168 157 202
mitosis 0.0075 -346 912 417 1503
mitosis 0.0075 1606 1282 1642 1312
mitosis 0.0074 -37 1156 108 1310
mitosis 0.0074 1545 720 1604 793
mitosis 0.0070 1364 940 1454 1006
mitosis 0.0068 892 370 945 409
mitosis 0.0067 1619 872 1649 910
mitosis 0.0064 1521 604 1562 646
mitosis 0.0063 1003 1452 1040 1478
mitosis 0.0061 755 77 789 106
mitosis 0.0057 -45 1200 109 1395
mitosis 0.0057 815 800 868 853
mitosis 0.0056 1267 1261 1321 1298
mitosis 0.0056 472 422 604 561
mitosis 0.0055 1528 50 1569 86
mitosis 0.0054 1082 429 1133 470
mitosis 0.0054 319 1466 363 1485
mitosis 0.0052 624 1234 690 1310
mitosis 0.0052 1049 1001 1109 1066
mitosis 0.0050 666 1288 722 1333
mitosis 0.0047 530 201 571 234
mitosis 0.0045 1564 1332 1606 1376
mitosis 0.0045 186 178 883 758
mitosis 0.0045 940 795 976 826
mitosis 0.0041 -1 1413 41 1469
mitosis 0.0040 1304 7 1352 44
mitosis 0.0039 161 1194 217 1263
mitosis 0.0039 652 795 694 839
mitosis 0.0039 1328 0 1390 55
mitosis 0.0038 318 1423 405 1480
mitosis 0.0038 523 422 694 547
mitosis 0.0037 613 1257 709 1332
mitosis 0.0037 274 170 309 206
mitosis 0.0037 334 1404 429 1481
mitosis 0.0037 328 1454 391 1486
mitosis 0.0033 -337 672 533 1763
mitosis 0.0033 206 143 253 175
mitosis 0.0033 1572 1243 1613 1276
mitosis 0.0032 1612 0 1651 25
mitosis 0.0032 598 1336 657 1384
mitosis 0.0032 1438 1088 1484 1135
mitosis 0.0031 5 1141 206 1302
mitosis 0.0031 1201 846 1342 1010
mitosis 0.0031 1545 14 1592 52
mitosis 0.0030 890 55 956 126
mitosis 0.0030 566 668 630 737
mitosis 0.0029 1356 1091 1407 1131
mitosis 0.0029 1428 552 1467 588
mitosis 0.0029 1206 813 1347 918
mitosis 0.0028 356 0 407 20
mitosis 0.0027 1208 806 1302 892
mitosis 0.0026 202 1357 237 1386
mitosis 0.0026 1073 598 1140 675
mitosis 0.0025 871 451 1684 1227
mitosis 0.0025 463 366 591 495
mitosis 0.0025 888 1214 978 1286
mitosis 0.0025 939 208 977 246
mitosis 0.0025 1064 714 1104 750
mitosis 0.0025 1209 850 1267 903
mitosis 0.0025 887 878 966 951
mitosis 0.0025 528 440 612 522
mitosis 0.0025 395 721 447 767
mitosis 0.0024 1525 1278 1571 1315
mitosis 0.0024 1131 811 1282 922
mitosis 0.0023 1352 938 1419 1015
mitosis 0.0022 474 1445 520 1484
mitosis 0.0022 1140 1428 1184 1463
mitosis 0.0022 1303 937 1433 1076
mitosis 0.0021 1341 615 1407 683
mitosis 0.0021 1172 462 1233 509
mitosis 0.0021 270 911 302 947
mitosis 0.0020 1610 861 1656 913
mitosis 0.0020 889 1239 955 1291
mitosis 0.0020 231 1444 285 1481
mitosis 0.0020 770 565 811 603
mitosis 0.0019 1181 5 1272 79
mitosis 0.0019 883 878 1022 991
mitosis 0.0019 1578 859 1607 889
mitosis 0.0019 -39 1108 90 1238
mitosis 0.0018 810 934 902 1002
mitosis 0.0018 531 877 693 1014
mitosis 0.0018 590 946 629 981
mitosis 0.0018 1302 892 1433 997
mitosis 0.0018 508 1357 595 1414
mitosis 0.0018 1114 849 1280 1005
mitosis 0.0018 1567 65 1635 113
mitosis 0.0017 347 1148 439 1228
mitosis 0.0017 198 351 231 374
mitosis 0.0017 1620 794 1664 877
mitosis 0.0017 13 423 48 463
mitosis 0.0017 6 1143 80 1244
mitosis 0.0017 878 836 991 926
mitosis 0.0017 1293 14 1330 45
mitosis 0.0017 1233 841 1307 895
mitosis 0.0017 600 1295 692 1364
mitosis 0.0017 1301 528 1339 560
mitosis 0.0016 1190 1444 1277 1479
mitosis 0.0016 1554 748 1601 801
mitosis 0.0016 1087 619 1144 663
mitosis 0.0016 447 364 508 404
mitosis 0.0016 747 933 797 977
mitosis 0.0016 537 1336 630 1401
mitosis 0.0015 194 1414 302 1479
mitosis 0.0015 382 319 432 353
mitosis 0.0015 1555 1213 1666 1310
mitosis 0.0015 355 1159 416 1214
mitosis 0.0015 172 664 211 702
mitosis 0.0015 1545 1294 1648 1369
mitosis 0.0015 1630 862 1657 906
mitosis 0.0015 1188 1211 1231 1251
mitosis 0.0015 1519 984 1551 1016
mitosis 0.0015 875 352 968 413
mitosis 0.0015 1546 39 1642 118
mitosis 0.0014 1599 -7 1655 35
mitosis 0.0014 1138 1431 1203 1476
mitosis 0.0014 1306 -11 1364 51
mitosis 0.0014 932 1204 976 1242
mitosis 0.0014 666 522 731 571
mitosis 0.0014 926 764 994 837
mitosis 0.0014 1 1422 61 1479
mitosis 0.0013 -1 1333 55 1425
mitosis 0.0013 -12 1185 54 1255
mitosis 0.0013 182 271 263 348
mitosis 0.0013 30 1188 95 1251
mitosis 0.0013 577 87 653 157
mitosis 0.0013 195 1355 346 1475
mitosis 0.0013 1384 960 1440 1010
mitosis 0.0013 465 752 604 870
mitosis 0.0013 -3 1213 69 1296
mitosis 0.0013 519 423 578 482
mitosis 0.0013 1530 29 1580 79
mitosis 0.0013 999 1443 1060 1481
mitosis 0.0013 193 370 246 415
mitosis 0.0013 205 364 241 396
mitosis 0.0013 1175 1429 1255 1494
mitosis 0.0013 471 804 585 884
mitosis 0.0012 423 452 471 498
mitosis 0.0012 534 559 1360 1266
mitosis 0.0012 1478 1464 1531 1484
mitosis 0.0012 173 649 216 694
mitosis 0.0012 197 -4 327 81
mitosis 0.0012 1225 1051 1323 1130
mitosis 0.0012 183 305 246 362
mitosis 0.0012 1409 949 1481 1004
mitosis 0.0012 1248 1055 1304 1097
mitosis 0.0012 74 87 114 126
mitosis 0.0012 1598 1276 1648 1320
mitosis 0.0012 -7 1387 84 1468
mitosis 0.0012 461 851 608 987
mitosis 0.0012 948 788 992 824
mitosis 0.0012 478 1413 556 1480
mitosis 0.0012 1133 -23 1274 108
mitosis 0.0012 197 1415 241 1451
mitosis 0.0011 1131 2 1244 71
mitosis 0.0011 531 465 597 541
mitosis 0.0011 1371 937 1510 1074
mitosis 0.0011 471 593 608 692
mitosis 0.0011 5 1123 137 1250
mitosis 0.0011 1113 1168 1154 1203
mitosis 0.0011 1047 420 1151 492
mitosis 0.0011 1422 1249 1493 1301
mitosis 0.0011 1358 886 1427 972
mitosis 0.0011 2 1403 124 1478
mitosis 0.0011 294 1394 462 1514
mitosis 0.0011 539 411 639 495
mitosis 0.0011 0 1315 60 1381
mitosis 0.0011 914 708 956 745
mitosis 0.0011 1557 1101 1681 1240
mitosis 0.0011 1101 937 1282 1076
mitosis 0.0011 463 -21 612 104
mitosis 0.0011 248 438 633 564
mitosis 0.0011 1520 18 1623 94
mitosis 0.0011 1441 180 1495 232
mitosis 0.0011 1234 1091 1286 1138
mitosis 0.0011 346 -8 489 86
mitosis 0.0011 -144 -137 546 648
mitosis 0.0011 1051 970 1131 1053
mitosis 0.0011 143 289 264 390
mitosis 0.0010 907 1200 983 1269
mitosis 0.0010 587 520 655 565
mitosis 0.0010 713 1020 770 1061
mitosis 0.0010 1349 646 1383 679
mitosis 0.0010 1564 1314 1627 1373
mitosis 0.0010 976 1446 1041 1482
mitosis 0.0010 1234 825 1293 877
mitosis 0.0010 -8 1022 110 1170
mitosis 0.0010 456 1357 584 1448
mitosis 0.0010 -7 1327 88 1444
mitosis 0.0010 833 901 897 977
mitosis 0.0010 531 934 683 1048
mitosis 0.0010 1053 597 1122 652
mitosis 0.0010 322 37 437 135
mitosis 0.0010 1587 861 1624 898
mitosis 0.0010 794 800 886 867
mitosis 0.0010 1246 1236 1335 1309
mitosis 0.0010 879 377 935 419
mitosis 0.0010 1550 468 1586 502
mitosis 0.0010 67 520 185 611
mitosis 0.0010 25 1086 722 1782
mitosis 0.0010 1387 1177 1441 1220
mitosis 0.0010 1552 3 1631 47
mitosis 0.0010 538 1009 706 1151
mitosis 0.0010 196 128 303 202
mitosis 0.0010 936 773 985 812
mitosis 0.0010 1028 853 1214 1014
mitosis 0.0010 800 936 936 1069
mitosis 0.0010 1573 1335 1621 1381
mitosis 0.0010 597 791 718 867
mitosis 0.0010 506 601 557 647
