mitosis 0.4961 1610 1058 1669 1121
mitosis 0.4380 478 427 522 473
mitosis 0.3923 153 784 226 860
mitosis 0.2005 316 1066 390 1117
mitosis 0.1109 51 845 107 898
mitosis 0.0814 1316 239 1360 280
mitosis 0.0788 503 628 554 680
mitosis 0.0382 278 4 334 45
mitosis 0.0363 660 1032 701 1066
mitosis 0.0347 711 1017 753 1055
mitosis 0.0322 84 1032 125 1076
mitosis 0.0305 941 890 989 929
mitosis 0.0257 1103 375 1141 409
mitosis 0.0238 909 1259 954 1297
mitosis 0.0224 864 1150 917 1199
mitosis 0.0215 788 766 833 811
mitosis 0.0201 848 730 888 769
mitosis 0.0198 153 923 210 972
mitosis 0.0197 479 410 536 481
mitosis 0.0195 1232 47 1283 99
mitosis 0.0189 1064 450 1119 503
mitosis 0.0188 662 213 702 248
mitosis 0.0177 1182 409 1221 446
mitosis 0.0163 533 7 572 41
mitosis 0.0161 797 915 832 949
mitosis 0.0148 10 561 45 597
mitosis 0.0141 701 1443 738 1473
mitosis 0.0141 1198 958 1242 996
mitosis 0.0140 297 310 341 344
mitosis 0.0108 364 1214 402 1252
mitosis 0.0104 315 220 350 254
mitosis 0.0097 1592 1035 1654 1119
mitosis 0.0096 270 1450 315 1483
mitosis 0.0080 76 171 115 219
mitosis 0.0077 129 782 259 936
mitosis 0.0074 -170 378 569 1141
mitosis 0.0072 1313 223 1371 292
mitosis 0.0069 322 955 353 985
mitosis 0.0064 1240 1092 1284 1128
mitosis 0.0061 1234 1107 1269 1134
mitosis 0.0061 126 734 264 862
mitosis 0.0056 1516 1386 1558 1423
mitosis 0.0056 507 884 543 916
mitosis 0.0054 458 608 497 648
mitosis 0.0052 1632 869 1663 912
mitosis 0.0051 258 464 290 500
mitosis 0.0050 588 1205 638 1246
mitosis 0.0049 1053 439 1134 514
mitosis 0.0047 848 1141 932 1206
mitosis 0.0046 1251 1081 1296 1113
mitosis 0.0046 467 1023 510 1065
mitosis 0.0045 472 612 539 670
mitosis 0.0044 1594 1073 1659 1148
mitosis 0.0042 1076 1359 1110 1387
mitosis 0.0042 486 618 567 687
mitosis 0.0042 1216 36 1302 103
mitosis 0.0042 860 915 902 951
mitosis 0.0041 263 2 352 61
mitosis 0.0039 121 558 153 592
mitosis 0.0037 1154 94 1190 132
mitosis 0.0036 198 520 243 556
mitosis 0.0036 55 826 135 904
mitosis 0.0034 922 882 1006 944
mitosis 0.0034 137 919 228 985
mitosis 0.0033 948 990 994 1033
mitosis 0.0032 168 791 256 871
mitosis 0.0031 75 1013 135 1089
mitosis 0.0031 -25 745 243 858
mitosis 0.0030 1022 1454 1062 1480
mitosis 0.0029 326 1048 410 1114
mitosis 0.0029 3 761 560 1385
mitosis 0.0027 147 746 230 839
mitosis 0.0027 787 748 850 823
mitosis 0.0026 1579 1447 1654 1482
mitosis 0.0026 574 1369 620 1408
mitosis 0.0026 299 1053 377 1109
mitosis 0.0025 699 1002 761 1073
mitosis 0.0025 170 1047 402 1143
mitosis 0.0024 1316 1192 1355 1226
mitosis 0.0023 289 1080 430 1227
mitosis 0.0023 -23 795 230 944
mitosis 0.0022 939 1006 990 1049
mitosis 0.0022 1050 445 1097 485
mitosis 0.0022 1424 387 1474 431
mitosis 0.0021 457 425 511 472
mitosis 0.0021 905 1234 969 1314
mitosis 0.0021 7 540 53 599
mitosis 0.0020 667 1022 711 1063
mitosis 0.0020 1006 1303 1038 1332
mitosis 0.0020 306 1037 431 1140
mitosis 0.0019 482 737 533 787
mitosis 0.0019 340 1099 424 1163
mitosis 0.0018 1544 1422 1648 1483
mitosis 0.0018 1602 849 1658 908
mitosis 0.0018 1618 1078 1671 1143
mitosis 0.0018 -114 766 852 1521
mitosis 0.0017 1530 1448 1617 1485
mitosis 0.0017 1095 373 1137 428
mitosis 0.0017 513 608 576 677
mitosis 0.0017 1541 1060 1683 1236
mitosis 0.0017 1430 659 1465 690
mitosis 0.0017 280 1452 336 1486
mitosis 0.0016 304 210 345 256
mitosis 0.0016 1243 1292 1274 1317
mitosis 0.0016 44 1143 87 1180
mitosis 0.0016 1178 389 1240 460
mitosis 0.0016 -60 831 134 1017
mitosis 0.0016 1574 24 1655 109
mitosis 0.0016 492 434 555 482
mitosis 0.0015 228 645 270 683
mitosis 0.0015 647 756 686 794
mitosis 0.0015 1562 107 1678 243
mitosis 0.0015 1194 938 1258 1012
mitosis 0.0015 1106 364 1151 405
mitosis 0.0015 1395 368 1499 448
mitosis 0.0014 789 92 839 149
mitosis 0.0014 733 1207 778 1246
mitosis 0.0014 927 990 1018 1054
mitosis 0.0014 1612 997 1668 1090
mitosis 0.0014 377 -1 415 19
mitosis 0.0014 1051 995 1089 1029
mitosis 0.0014 1324 241 1385 289
mitosis 0.0014 1634 779 1664 820
mitosis 0.0014 655 187 721 264
mitosis 0.0014 379 1143 428 1176
mitosis 0.0013 656 1009 727 1079
mitosis 0.0013 295 241 359 320
mitosis 0.0013 1632 368 1664 413
mitosis 0.0013 916 1242 963 1293
mitosis 0.0013 465 628 567 737
mitosis 0.0013 1035 837 1071 870
mitosis 0.0013 1313 250 1360 296
mitosis 0.0013 638 860 807 1019
mitosis 0.0013 1528 1453 1577 1482
mitosis 0.0013 1460 1251 1529 1296
mitosis 0.0013 720 1021 764 1060
mitosis 0.0012 1582 1240 1625 1267
mitosis 0.0012 1165 637 1205 671
mitosis 0.0012 281 1445 370 1485
mitosis 0.0012 1009 319 1049 351
mitosis 0.0012 900 769 943 803
mitosis 0.0012 243 1419 359 1479
mitosis 0.0012 1550 1018 1680 1147
mitosis 0.0012 472 536 578 691
mitosis 0.0012 120 542 163 591
mitosis 0.0011 456 718 550 802
mitosis 0.0011 417 -12 561 74
mitosis 0.0011 165 1079 203 1113
mitosis 0.0011 771 862 811 906
mitosis 0.0011 652 1248 689 1278
mitosis 0.0011 1150 806 2083 1473
mitosis 0.0011 837 714 907 788
mitosis 0.0011 1599 1427 1661 1483
mitosis 0.0011 66 154 125 230
mitosis 0.0011 619 166 731 260
mitosis 0.0011 766 738 830 804
mitosis 0.0011 267 277 374 376
mitosis 0.0011 494 626 634 752
mitosis 0.0011 714 264 877 405
mitosis 0.0011 622 17 791 186
mitosis 0.0011 417 541 536 674
mitosis 0.0011 1551 210 1672 341
mitosis 0.0011 508 2 601 65
mitosis 0.0011 1558 1163 1679 1293
mitosis 0.0010 1219 1066 1321 1140
mitosis 0.0010 605 1154 641 1189
mitosis 0.0010 1271 229 1373 320
mitosis 0.0010 443 595 495 642
mitosis 0.0010 777 914 827 956
mitosis 0.0010 631 2 671 31
mitosis 0.0010 524 494 696 643
mitosis 0.0010 960 559 1137 714
mitosis 0.0010 31 519 144 610
mitosis 0.0010 1 550 40 593
mitosis 0.0010 168 818 249 891
mitosis 0.0010 1554 748 1674 863
mitosis 0.0010 1149 77 1191 123
mitosis 0.0010 708 334 870 488
mitosis 0.0010 -461 577 532 1258
mitosis 0.0010 627 1086 664 1119
mitosis 0.0010 -5 524 89 620
mitosis 0.0010 624 764 783 896
mitosis 0.0010 1549 1238 1681 1362
mitosis 0.0010 935 866 993 928
mitosis 0.0010 794 332 966 488
mitosis 0.0010 43 422 165 553
mitosis 0.0010 433 1002 541 1091
mitosis 0.0010 843 1158 909 1216
mitosis 0.0010 712 -8 859 129
mitosis 0.0010 28 0 83 27
mitosis 0.0010 972 400 1031 462
mitosis 0.0010 139 504 263 590
