mitosis 0.6189 914 1429 978 1485
mitosis 0.6041 1063 1243 1117 1304
mitosis 0.5280 233 150 296 214
mitosis 0.2698 1155 1381 1224 1440
mitosis 0.2171 211 501 270 555
mitosis 0.0430 390 590 447 633
mitosis 0.0350 571 848 615 887
mitosis 0.0293 998 636 1065 688
mitosis 0.0285 17 1364 60 1411
mitosis 0.0219 88 1159 117 1189
mitosis 0.0215 526 1390 573 1431
mitosis 0.0199 110 61 156 107
mitosis 0.0187 1218 200 1251 228
mitosis 0.0152 1618 807 1658 846
mitosis 0.0135 381 89 423 134
mitosis 0.0125 535 1440 617 1486
mitosis 0.0107 241 157 328 222
mitosis 0.0105 904 1411 991 1477
mitosis 0.0083 34 1097 72 1128
mitosis 0.0074 143 1440 182 1477
mitosis 0.0073 221 114 294 209
mitosis 0.0068 669 98 707 139
mitosis 0.0067 43 800 77 837
mitosis 0.0066 875 459 916 492
mitosis 0.0065 207 476 291 560
mitosis 0.0063 1458 1409 1494 1441
mitosis 0.0060 816 -1 861 22
mitosis 0.0059 1634 55 1664 92
mitosis 0.0054 1006 887 1053 930
mitosis 0.0049 383 575 462 645
mitosis 0.0048 944 1225 1121 1386
mitosis 0.0047 223 165 292 233
mitosis 0.0047 530 1413 623 1477
mitosis 0.0044 1123 1374 1274 1526
mitosis 0.0044 1501 933 1552 978
mitosis 0.0042 604 1152 1116 1728
mitosis 0.0041 0 858 26 898
mitosis 0.0041 1292 468 1344 507
mitosis 0.0040 1229 1056 1286 1106
mitosis 0.0039 648 1009 1413 1575
mitosis 0.0039 669 347 725 392
mitosis 0.0039 880 1420 964 1478
mitosis 0.0038 35 1460 76 1486
mitosis 0.0038 571 519 616 557
mitosis 0.0038 883 1384 1028 1527
mitosis 0.0037 12 1348 72 1424
mitosis 0.0037 685 1398 1032 1529
mitosis 0.0036 108 130 296 270
mitosis 0.0035 1148 1350 1226 1426
mitosis 0.0035 1445 1219 1489 1261
mitosis 0.0034 1047 1258 1107 1317
mitosis 0.0034 -117 -99 508 460
mitosis 0.0034 265 854 304 891
mitosis 0.0033 1113 173 1151 209
mitosis 0.0032 941 1435 1002 1485
mitosis 0.0032 791 1051 1609 1811
mitosis 0.0032 1050 1235 1171 1373
mitosis 0.0031 1125 1329 1270 1444
mitosis 0.0031 420 897 466 939
mitosis 0.0031 135 495 272 640
mitosis 0.0031 228 127 338 260
mitosis 0.0030 -2 13 38 76
mitosis 0.0030 934 1338 1273 1445
mitosis 0.0030 290 1098 329 1136
mitosis 0.0030 1063 1223 1153 1299
mitosis 0.0030 776 1351 824 1394
mitosis 0.0029 519 1388 610 1460
mitosis 0.0029 968 813 1019 853
mitosis 0.0028 1161 1382 1262 1457
mitosis 0.0028 638 535 674 567
mitosis 0.0028 974 57 1015 92
mitosis 0.0027 100 43 162 120
mitosis 0.0026 1620 1312 1662 1374
mitosis 0.0026 1571 538 1655 615
mitosis 0.0026 555 837 644 900
mitosis 0.0026 192 505 256 560
mitosis 0.0025 1075 221 1162 296
mitosis 0.0025 450 493 503 540
mitosis 0.0024 198 86 264 150
mitosis 0.0023 915 1382 1298 1537
mitosis 0.0023 -198 231 588 870
mitosis 0.0021 845 576 884 607
mitosis 0.0020 136 440 266 565
mitosis 0.0020 200 486 357 637
mitosis 0.0020 32 1038 60 1073
mitosis 0.0020 1280 1231 1341 1283
mitosis 0.0020 1574 783 1658 861
mitosis 0.0019 1046 1183 1176 1303
mitosis 0.0018 958 587 1055 677
mitosis 0.0018 220 180 333 339
mitosis 0.0018 1573 1271 1670 1398
mitosis 0.0018 1001 620 1090 695
mitosis 0.0018 973 640 1069 721
mitosis 0.0018 1370 7 1414 37
mitosis 0.0018 919 1405 972 1463
mitosis 0.0018 21 1090 64 1130
mitosis 0.0017 221 71 331 196
mitosis 0.0017 405 585 474 635
mitosis 0.0016 -149 -323 713 529
mitosis 0.0016 718 448 755 483
mitosis 0.0016 288 1426 328 1455
mitosis 0.0015 437 1159 488 1202
mitosis 0.0015 901 1384 976 1458
mitosis 0.0015 768 500 807 533
mitosis 0.0015 1323 -4 1447 71
mitosis 0.0015 964 580 1018 623
mitosis 0.0015 984 867 1070 937
mitosis 0.0015 641 317 742 405
mitosis 0.0014 524 1380 587 1443
mitosis 0.0014 202 1397 361 1486
mitosis 0.0013 1353 321 1403 359
mitosis 0.0013 14 1461 60 1488
mitosis 0.0013 1184 1061 1238 1100
mitosis 0.0013 459 724 625 879
mitosis 0.0013 1199 1054 1266 1105
mitosis 0.0013 159 87 279 178
mitosis 0.0013 111 1421 211 1484
mitosis 0.0013 1498 193 1546 222
mitosis 0.0013 109 616 144 648
mitosis 0.0013 568 794 673 892
mitosis 0.0013 1479 924 1569 996
mitosis 0.0012 853 452 914 494
mitosis 0.0012 1264 1221 1356 1294
mitosis 0.0012 1630 197 1664 245
mitosis 0.0012 733 212 770 248
mitosis 0.0012 356 67 457 143
mitosis 0.0012 1005 216 1056 253
mitosis 0.0012 198 434 356 569
mitosis 0.0012 39 928 136 1009
mitosis 0.0012 1555 27 1651 118
mitosis 0.0012 808 -6 868 33
mitosis 0.0012 65 945 121 993
mitosis 0.0012 1546 677 1661 803
mitosis 0.0012 1566 1401 1672 1481
mitosis 0.0012 1336 1087 1376 1119
mitosis 0.0012 209 825 318 908
mitosis 0.0011 1371 4 1506 81
mitosis 0.0011 1419 66 1458 93
mitosis 0.0011 761 1461 812 1482
mitosis 0.0011 800 725 842 764
mitosis 0.0011 567 1436 665 1482
mitosis 0.0011 795 1306 836 1341
mitosis 0.0011 3 780 109 870
mitosis 0.0011 768 1345 889 1445
mitosis 0.0011 919 1363 1134 1516
mitosis 0.0011 407 871 461 929
mitosis 0.0011 1301 62 1342 93
mitosis 0.0011 1083 178 1174 269
mitosis 0.0011 389 881 485 956
mitosis 0.0011 810 255 853 291
mitosis 0.0011 932 1427 1040 1486
mitosis 0.0011 608 811 1430 2074
mitosis 0.0011 815 168 867 221
mitosis 0.0011 116 942 273 1068
mitosis 0.0011 946 691 1000 745
mitosis 0.0011 963 634 1094 776
mitosis 0.0011 1578 638 1614 671
mitosis 0.0011 419 695 454 728
mitosis 0.0010 981 630 1045 685
mitosis 0.0010 1240 -2 1375 84
mitosis 0.0010 874 1330 1006 1456
mitosis 0.0010 59 1144 123 1191
mitosis 0.0010 265 1397 414 1490
mitosis 0.0010 1488 904 1550 970
mitosis 0.0010 434 1119 554 1224
mitosis 0.0010 218 833 257 872
mitosis 0.0010 1622 1331 1667 1388
mitosis 0.0010 1207 1045 1300 1119
mitosis 0.0010 1083 1270 1160 1336
mitosis 0.0010 260 762 299 802
mitosis 0.0010 447 630 621 781
mitosis 0.0010 374 597 497 721
mitosis 0.0010 719 1395 880 1485
mitosis 0.0010 1383 218 1509 315
mitosis 0.0010 1461 925 1536 975
mitosis 0.0010 287 1435 325 1466
mitosis 0.0010 11 900 126 1002
mitosis 0.0010 -1 0 104 97
mitosis 0.0010 928 93 963 126
