mitosis 0.5681 1143 1283 1214 1346
mitosis 0.1265 429 641 476 681
mitosis 0.0548 279 1244 314 1276
mitosis 0.0483 249 1207 294 1252
mitosis 0.0381 363 1444 406 1486
mitosis 0.0326 253 1215 309 1267
mitosis 0.0323 1607 183 1639 207
mitosis 0.0201 1455 556 1513 609
mitosis 0.0172 673 1158 715 1189
mitosis 0.0150 1040 1038 1088 1074
mitosis 0.0108 515 1207 547 1233
mitosis 0.0092 235 191 285 228
mitosis 0.0091 851 26 908 75
mitosis 0.0090 1114 1281 1272 1463
mitosis 0.0083 1621 569 1660 620
mitosis 0.0083 426 620 495 691
mitosis 0.0076 1405 1205 1445 1238
mitosis 0.0075 795 971 1439 1620
mitosis 0.0073 1126 361 1160 391
mitosis 0.0072 1128 1294 1201 1362
mitosis 0.0071 1022 1246 1221 1377
mitosis 0.0058 510 1073 545 1102
mitosis 0.0058 662 1375 700 1425
mitosis 0.0054 355 280 397 318
mitosis 0.0051 1621 9 1656 38
mitosis 0.0049 557 1155 595 1185
mitosis 0.0047 1135 1259 1263 1368
mitosis 0.0045 1341 604 1378 642
mitosis 0.0045 239 1204 322 1274
mitosis 0.0045 1383 1181 1435 1229
mitosis 0.0043 312 -2 361 32
mitosis 0.0042 840 4 931 84
mitosis 0.0042 294 785 343 822
mitosis 0.0041 94 1038 146 1078
mitosis 0.0041 1260 312 1300 352
mitosis 0.0040 758 1455 845 1487
mitosis 0.0039 1150 1294 1229 1368
mitosis 0.0036 1127 228 1165 268
mitosis 0.0035 1476 230 1531 272
mitosis 0.0034 349 1426 413 1495
mitosis 0.0032 632 1198 664 1222
mitosis 0.0032 1340 296 1381 334
mitosis 0.0032 1220 480 1258 507
mitosis 0.0031 1327 276 1365 305
mitosis 0.0030 555 3 597 36
mitosis 0.0029 3 293 47 336
mitosis 0.0029 343 1225 368 1249
mitosis 0.0026 1344 59 1383 89
mitosis 0.0026 259 313 300 344
mitosis 0.0025 612 21 656 58
mitosis 0.0025 1508 946 1604 1017
mitosis 0.0024 1638 250 1664 292
mitosis 0.0024 288 502 332 540
mitosis 0.0024 1583 732 1625 774
mitosis 0.0023 1616 178 1656 213
mitosis 0.0023 602 1250 645 1283
mitosis 0.0022 342 1438 398 1483
mitosis 0.0022 1041 384 1077 417
mitosis 0.0021 446 640 497 679
mitosis 0.0020 1400 316 1442 346
mitosis 0.0020 94 1110 131 1146
mitosis 0.0019 133 1117 169 1149
mitosis 0.0019 1473 923 1514 961
mitosis 0.0019 275 1003 311 1045
mitosis 0.0019 358 1006 389 1032
mitosis 0.0019 1599 175 1648 216
mitosis 0.0019 596 1210 627 1233
mitosis 0.0018 217 628 264 666
mitosis 0.0018 171 290 214 321
mitosis 0.0017 635 77 678 116
mitosis 0.0017 1149 1266 1240 1339
mitosis 0.0016 1540 49 1580 77
mitosis 0.0016 1127 1128 1186 1168
mitosis 0.0016 1578 554 1659 631
mitosis 0.0016 853 1031 900 1067
mitosis 0.0016 565 281 604 310
mitosis 0.0016 276 1039 308 1074
mitosis 0.0016 239 1266 271 1296
mitosis 0.0015 1277 10 1320 38
mitosis 0.0015 1018 1006 1111 1091
mitosis 0.0015 345 461 382 494
mitosis 0.0015 273 1019 311 1066
mitosis 0.0014 1545 3 1603 40
mitosis 0.0014 1014 1285 1227 1455
mitosis 0.0014 255 685 297 732
mitosis 0.0014 1560 136 1669 247
mitosis 0.0014 70 1320 115 1357
mitosis 0.0014 309 1421 412 1481
mitosis 0.0014 137 642 187 678
mitosis 0.0014 89 931 131 964
mitosis 0.0014 652 1347 695 1406
mitosis 0.0013 1508 499 1549 538
mitosis 0.0013 1327 281 1375 326
mitosis 0.0013 1637 405 1666 453
mitosis 0.0013 -9 276 92 361
mitosis 0.0013 654 1331 686 1366
mitosis 0.0013 763 1171 824 1221
mitosis 0.0013 272 775 331 814
mitosis 0.0013 1568 709 1660 797
mitosis 0.0013 488 0 605 87
mitosis 0.0013 1446 550 1533 621
mitosis 0.0012 224 181 341 275
mitosis 0.0012 1614 -2 1661 45
mitosis 0.0012 1643 262 1662 303
mitosis 0.0012 753 1421 871 1481
mitosis 0.0012 1628 1392 1663 1434
mitosis 0.0012 229 261 356 354
mitosis 0.0012 606 529 654 563
mitosis 0.0012 1312 769 1360 813
mitosis 0.0012 782 1448 867 1483
mitosis 0.0012 1125 364 1174 401
mitosis 0.0012 798 280 963 400
mitosis 0.0011 726 39 771 76
mitosis 0.0011 260 769 361 836
mitosis 0.0011 1537 0 1643 72
mitosis 0.0011 1267 536 1309 575
mitosis 0.0011 1598 173 1634 204
mitosis 0.0011 487 39 551 93
mitosis 0.0011 1257 743 1296 775
mitosis 0.0011 318 149 356 176
mitosis 0.0011 182 1021 214 1047
mitosis 0.0010 286 -5 415 71
mitosis 0.0010 1466 191 1576 284
mitosis 0.0010 1079 614 1113 649
mitosis 0.0010 -5 331 112 459
mitosis 0.0010 1425 1391 1595 1491
mitosis 0.0010 1080 1209 1220 1346
mitosis 0.0010 1231 291 1349 371
mitosis 0.0010 794 184 963 340
mitosis 0.0010 882 192 1042 333
mitosis 0.0010 266 1225 332 1297
mitosis 0.0010 412 609 482 676
mitosis 0.0010 1171 296 1308 389
mitosis 0.0010 1302 229 1425 331
mitosis 0.0010 196 466 241 503
mitosis 0.0010 128 630 285 737
mitosis 0.0010 1061 133 1201 274
mitosis 0.0010 169 1065 203 1095
mitosis 0.0010 1368 1176 1463 1238
mitosis 0.0010 911 1070 953 1099
mitosis 0.0010 142 601 284 688
mitosis 0.0010 1128 1273 1202 1333
mitosis 0.0010 1055 675 1093 713
mitosis 0.0010 18 717 144 830
mitosis 0.0010 82 184 181 262
mitosis 0.0010 22 649 154 751
mitosis 0.0010 1615 1381 1663 1455
