mitosis 0.6231 549 312 619 364
mitosis 0.5501 1567 1018 1624 1070
mitosis 0.4732 48 1003 103 1051
mitosis 0.4248 1062 752 1133 814
mitosis 0.4240 343 527 429 605
mitosis 0.1562 1238 481 1296 533
mitosis 0.0611 7 733 43 776
mitosis 0.0400 649 1280 707 1326
mitosis 0.0372 1325 708 1376 761
mitosis 0.0360 1010 474 1048 523
mitosis 0.0298 1054 332 1098 387
mitosis 0.0288 811 1295 862 1343
mitosis 0.0284 41 992 107 1071
mitosis 0.0228 1130 1206 1182 1251
mitosis 0.0154 -24 227 759 862
mitosis 0.0149 310 507 426 634
mitosis 0.0146 556 1379 599 1416
mitosis 0.0130 291 535 436 731
mitosis 0.0128 1517 1120 1564 1169
mitosis 0.0123 1400 1366 1456 1422
mitosis 0.0102 274 911 325 970
mitosis 0.0100 991 1371 1029 1408
mitosis 0.0094 359 492 515 638
mitosis 0.0082 1146 720 1179 754
mitosis 0.0075 1229 487 1276 527
mitosis 0.0069 791 1293 872 1362
mitosis 0.0067 174 24 892 631
mitosis 0.0063 463 276 621 410
mitosis 0.0060 360 291 407 327
mitosis 0.0060 566 316 642 369
mitosis 0.0057 534 308 688 498
mitosis 0.0056 316 334 350 370
mitosis 0.0047 1009 457 1059 532
mitosis 0.0047 1029 764 1188 943
mitosis 0.0046 826 308 877 364
mitosis 0.0045 744 1417 775 1447
mitosis 0.0044 1579 1013 1657 1087
mitosis 0.0044 548 279 681 406
mitosis 0.0043 634 1274 720 1337
mitosis 0.0042 152 131 192 169
mitosis 0.0042 259 901 342 976
mitosis 0.0042 1460 1201 1509 1247
mitosis 0.0042 798 939 841 981
mitosis 0.0042 0 29 33 73
mitosis 0.0040 1317 699 1398 771
mitosis 0.0040 1366 1348 1455 1430
mitosis 0.0040 1248 489 1315 544
mitosis 0.0037 813 289 897 373
mitosis 0.0036 588 459 1628 1221
mitosis 0.0036 537 286 627 371
mitosis 0.0035 1393 203 1436 249
mitosis 0.0035 1047 739 1177 845
mitosis 0.0034 980 77 1016 109
mitosis 0.0034 -2 541 17 584
mitosis 0.0033 812 1312 868 1363
mitosis 0.0033 924 728 1150 862
mitosis 0.0033 64 629 99 672
mitosis 0.0032 45 1161 92 1209
mitosis 0.0032 190 869 232 906
mitosis 0.0031 1551 1399 1585 1430
mitosis 0.0031 435 613 520 684
mitosis 0.0030 1035 1072 1080 1112
mitosis 0.0029 1113 1194 1199 1266
mitosis 0.0028 177 1270 227 1313
mitosis 0.0028 1067 719 1148 811
mitosis 0.0027 0 711 55 793
mitosis 0.0027 1043 323 1103 404
mitosis 0.0026 1371 52 1413 88
mitosis 0.0025 1222 478 1306 559
mitosis 0.0025 33 1012 95 1063
mitosis 0.0024 204 151 234 182
mitosis 0.0024 1276 44 1306 71
mitosis 0.0024 563 296 648 354
mitosis 0.0024 23 997 84 1056
mitosis 0.0024 0 368 34 417
mitosis 0.0023 659 1262 720 1322
mitosis 0.0023 1129 712 1184 763
mitosis 0.0022 73 1008 118 1050
mitosis 0.0022 1104 160 1148 202
mitosis 0.0022 817 1278 867 1332
mitosis 0.0022 757 1304 789 1331
mitosis 0.0022 441 88 480 124
mitosis 0.0022 597 1286 640 1327
mitosis 0.0022 1045 767 1117 825
mitosis 0.0021 327 546 406 626
mitosis 0.0021 1635 204 1663 247
mitosis 0.0021 818 1331 864 1369
mitosis 0.0020 453 622 510 675
mitosis 0.0020 1446 275 1478 305
mitosis 0.0020 700 45 743 85
mitosis 0.0020 355 550 465 655
mitosis 0.0020 270 347 313 387
mitosis 0.0019 429 102 478 152
mitosis 0.0019 1601 68 1640 106
mitosis 0.0019 451 318 621 494
mitosis 0.0018 1072 952 1105 986
mitosis 0.0018 1567 1029 1638 1096
mitosis 0.0017 290 336 350 382
mitosis 0.0017 1376 720 1414 762
mitosis 0.0017 551 320 630 394
mitosis 0.0017 408 71 501 158
mitosis 0.0017 94 1273 122 1296
mitosis 0.0017 1552 439 1591 488
mitosis 0.0017 1558 987 1620 1066
mitosis 0.0016 1509 1105 1573 1179
mitosis 0.0016 63 988 112 1044
mitosis 0.0016 938 22 978 61
mitosis 0.0016 1054 313 1112 380
mitosis 0.0015 1632 1020 1667 1069
mitosis 0.0015 442 -14 598 100
mitosis 0.0015 625 1409 663 1438
mitosis 0.0015 1083 105 1186 213
mitosis 0.0015 -34 1007 109 1156
mitosis 0.0015 1549 1390 1666 1482
mitosis 0.0015 785 917 845 981
mitosis 0.0015 248 50 302 103
mitosis 0.0015 541 229 678 336
mitosis 0.0014 842 406 881 450
mitosis 0.0014 958 1113 994 1151
mitosis 0.0014 136 518 410 638
mitosis 0.0014 -70 76 1130 729
mitosis 0.0014 1171 650 2049 1311
mitosis 0.0014 934 1103 996 1154
mitosis 0.0014 1543 1003 1671 1159
mitosis 0.0014 -1 41 42 102
mitosis 0.0013 45 1149 88 1194
mitosis 0.0013 310 436 411 576
mitosis 0.0013 263 57 313 99
mitosis 0.0013 1049 679 1164 785
mitosis 0.0013 1541 953 1678 1085
mitosis 0.0013 151 1255 254 1340
mitosis 0.0013 150 824 184 860
mitosis 0.0013 853 181 1528 773
mitosis 0.0013 227 14 314 105
mitosis 0.0013 1548 1028 1610 1088
mitosis 0.0013 409 24 513 141
mitosis 0.0013 1220 489 1333 627
mitosis 0.0013 350 509 421 579
mitosis 0.0012 9 1142 123 1221
mitosis 0.0012 1565 906 1659 1040
mitosis 0.0012 548 1355 600 1417
mitosis 0.0012 1449 3 1503 42
mitosis 0.0012 828 1294 882 1343
mitosis 0.0012 1106 449 1290 555
mitosis 0.0012 1025 719 1125 817
mitosis 0.0012 945 34 1080 142
mitosis 0.0012 641 1229 716 1312
mitosis 0.0011 1441 1102 1560 1223
mitosis 0.0011 1590 65 1628 100
mitosis 0.0011 716 658 753 696
mitosis 0.0011 530 699 717 865
mitosis 0.0011 13 706 67 769
mitosis 0.0011 -26 957 112 1079
mitosis 0.0011 9 1163 40 1200
mitosis 0.0011 1567 958 1648 1057
mitosis 0.0011 570 -10 711 97
mitosis 0.0011 276 1288 305 1324
mitosis 0.0011 554 1365 616 1431
mitosis 0.0011 1350 927 1403 982
mitosis 0.0011 1634 337 1663 384
mitosis 0.0011 542 1288 579 1327
mitosis 0.0011 739 1433 772 1465
mitosis 0.0011 375 537 445 595
mitosis 0.0011 543 777 719 935
mitosis 0.0011 1059 765 1137 846
mitosis 0.0011 633 729 789 860
mitosis 0.0011 1119 1275 1163 1308
mitosis 0.0010 295 1017 929 1564
mitosis 0.0010 1244 190 1294 243
mitosis 0.0010 735 1422 770 1458
mitosis 0.0010 1404 1379 1470 1438
mitosis 0.0010 1265 66 1302 101
mitosis 0.0010 1140 709 1173 748
mitosis 0.0010 1467 1373 1631 1487
mitosis 0.0010 924 3 1019 85
mitosis 0.0010 1246 461 1344 545
mitosis 0.0010 1373 193 1485 288
mitosis 0.0010 1559 815 1667 957
mitosis 0.0010 501 1249 742 1367
mitosis 0.0010 290 1396 460 1482
mitosis 0.0010 519 325 604 410
mitosis 0.0010 211 1197 248 1225
mitosis 0.0010 519 1379 630 1453
mitosis 0.0010 629 1399 794 1482
