mitosis 0.5609 1321 101 1394 172
mitosis 0.4980 484 1386 551 1446
mitosis 0.4844 1162 1394 1228 1439
mitosis 0.4839 617 92 698 166
mitosis 0.3658 590 574 644 625
mitosis 0.2372 1411 446 1473 502
mitosis 0.1640 1178 821 1240 876
mitosis 0.1484 832 53 910 120
mitosis 0.0670 297 2 334 37
mitosis 0.0557 172 1426 228 1479
mitosis 0.0494 28 507 73 557
mitosis 0.0266 46 35 88 76
mitosis 0.0260 108 1055 154 1104
mitosis 0.0176 275 -204 956 410
mitosis 0.0169 1330 977 1390 1030
mitosis 0.0163 549 135 578 166
mitosis 0.0152 -4 1457 34 1485
mitosis 0.0151 548 48 698 199
mitosis 0.0150 627 501 683 557
mitosis 0.0147 1290 102 1429 280
mitosis 0.0147 858 274 898 308
mitosis 0.0138 1023 -223 1538 441
mitosis 0.0125 593 551 659 631
mitosis 0.0123 531 85 699 282
mitosis 0.0112 1302 1443 1359 1484
mitosis 0.0103 1144 61 1407 196
mitosis 0.0098 626 57 761 192
mitosis 0.0086 1159 1377 1245 1447
mitosis 0.0084 1302 65 1425 194
mitosis 0.0077 811 29 929 206
mitosis 0.0076 364 927 399 960
mitosis 0.0076 1303 117 1378 186
mitosis 0.0074 680 299 734 344
mitosis 0.0073 453 1368 617 1538
mitosis 0.0064 1155 1201 1207 1245
mitosis 0.0064 857 331 912 385
mitosis 0.0063 638 102 724 169
mitosis 0.0063 309 1355 586 1555
mitosis 0.0059 1318 973 1409 1046
mitosis 0.0058 432 -221 1302 421
mitosis 0.0058 1525 245 1590 304
mitosis 0.0058 131 1151 757 1725
mitosis 0.0058 319 806 353 844
mitosis 0.0057 763 -1 827 37
mitosis 0.0054 469 480 516 523
mitosis 0.0052 1231 474 1269 510
mitosis 0.0051 23 488 83 569
mitosis 0.0051 462 1327 606 1453
mitosis 0.0051 223 70 264 110
mitosis 0.0045 1512 302 1546 334
mitosis 0.0044 589 573 671 651
mitosis 0.0044 493 1388 597 1457
mitosis 0.0043 1316 1449 1380 1489
mitosis 0.0042 799 -20 934 132
mitosis 0.0041 624 108 762 262
mitosis 0.0041 1191 813 1268 873
mitosis 0.0040 924 268 972 308
mitosis 0.0040 475 1399 565 1470
mitosis 0.0038 1154 1406 1232 1467
mitosis 0.0038 493 1363 558 1434
mitosis 0.0036 133 660 174 702
mitosis 0.0036 339 1323 564 1455
mitosis 0.0036 169 1412 260 1482
mitosis 0.0035 1391 1300 1434 1342
mitosis 0.0034 612 687 657 727
mitosis 0.0033 165 1383 227 1444
mitosis 0.0032 107 377 133 410
mitosis 0.0031 817 29 906 102
mitosis 0.0029 1285 1425 1381 1484
mitosis 0.0029 1082 613 1125 650
mitosis 0.0029 1129 1369 1279 1531
mitosis 0.0029 697 1449 734 1480
mitosis 0.0028 1401 451 1484 527
mitosis 0.0027 315 1028 353 1068
mitosis 0.0026 543 129 588 171
mitosis 0.0025 1638 82 1665 120
mitosis 0.0025 1164 1365 1225 1427
mitosis 0.0024 1257 361 1306 410
mitosis 0.0024 1144 791 1263 935
mitosis 0.0023 850 274 903 330
mitosis 0.0022 33 23 77 82
mitosis 0.0022 590 602 667 670
mitosis 0.0022 805 537 1589 1147
mitosis 0.0021 777 1279 813 1316
mitosis 0.0020 131 1123 168 1162
mitosis 0.0020 1617 13 1660 59
mitosis 0.0020 89 1043 186 1118
mitosis 0.0020 629 53 911 199
mitosis 0.0020 435 -458 1422 674
mitosis 0.0019 916 671 956 711
mitosis 0.0019 850 -11 1028 218
mitosis 0.0019 231 464 281 507
mitosis 0.0019 1321 858 1366 903
mitosis 0.0019 1330 86 1390 149
mitosis 0.0019 1294 421 1328 451
mitosis 0.0018 800 1075 1603 1786
mitosis 0.0018 1503 1383 1641 1483
mitosis 0.0018 842 317 930 391
mitosis 0.0018 1314 1437 1409 1483
mitosis 0.0017 1137 1331 1265 1440
mitosis 0.0017 1187 832 1274 896
mitosis 0.0017 557 566 677 705
mitosis 0.0017 668 280 751 362
mitosis 0.0016 309 182 339 212
mitosis 0.0016 1381 450 1457 514
mitosis 0.0016 1163 1207 1217 1257
mitosis 0.0016 1391 427 1503 553
mitosis 0.0015 38 17 106 90
mitosis 0.0015 1562 368 1606 415
mitosis 0.0015 1152 118 1401 281
mitosis 0.0015 1546 1231 1684 1378
mitosis 0.0015 1325 123 1392 208
mitosis 0.0015 594 521 687 602
mitosis 0.0015 1306 983 1377 1036
mitosis 0.0015 1232 -6 1370 116
mitosis 0.0015 1246 446 1480 553
mitosis 0.0015 895 663 955 714
mitosis 0.0015 843 1199 1371 1678
mitosis 0.0014 1044 188 1661 775
mitosis 0.0014 1419 750 1465 795
mitosis 0.0014 567 579 627 631
mitosis 0.0014 335 1408 487 1483
mitosis 0.0014 919 1391 1293 1527
mitosis 0.0014 828 69 919 166
mitosis 0.0014 1208 1443 1299 1484
mitosis 0.0014 294 -14 347 56
mitosis 0.0014 1415 436 1509 510
mitosis 0.0014 1538 374 1599 435
mitosis 0.0013 976 503 1135 630
mitosis 0.0013 192 285 1033 958
mitosis 0.0013 1571 2 1657 74
mitosis 0.0013 1313 389 1443 490
mitosis 0.0012 1584 0 1632 20
mitosis 0.0012 455 465 533 539
mitosis 0.0012 477 469 530 521
mitosis 0.0012 1238 341 1331 419
mitosis 0.0012 274 0 365 62
mitosis 0.0012 1124 836 1276 1020
mitosis 0.0012 964 140 1001 175
mitosis 0.0012 1515 375 1615 458
mitosis 0.0012 1055 197 1113 251
mitosis 0.0012 604 626 658 675
mitosis 0.0012 779 0 878 54
mitosis 0.0012 1092 620 1167 672
mitosis 0.0012 609 577 667 626
mitosis 0.0011 701 1445 787 1480
mitosis 0.0011 55 129 92 170
mitosis 0.0011 1450 224 1483 260
mitosis 0.0011 964 412 1121 549
mitosis 0.0011 136 1428 216 1484
mitosis 0.0011 1329 76 1414 167
mitosis 0.0011 870 1410 1032 1480
mitosis 0.0011 1202 833 1350 963
mitosis 0.0011 1557 880 1671 989
mitosis 0.0011 1143 738 1248 867
mitosis 0.0011 1140 630 1186 674
mitosis 0.0011 1140 1133 1265 1248
mitosis 0.0011 670 1416 819 1479
mitosis 0.0011 1551 632 1606 687
mitosis 0.0011 1324 641 1425 717
mitosis 0.0011 1169 1428 1255 1477
mitosis 0.0011 1137 949 1419 1088
mitosis 0.0011 693 -4 789 44
mitosis 0.0011 260 359 296 400
mitosis 0.0011 871 490 1030 633
mitosis 0.0011 616 483 705 563
mitosis 0.0011 1053 419 1200 554
mitosis 0.0011 1160 173 1199 205
mitosis 0.0010 1190 782 1362 925
mitosis 0.0010 1541 625 1645 707
mitosis 0.0010 1135 1193 1244 1267
mitosis 0.0010 1502 385 1575 454
mitosis 0.0010 1351 671 1403 720
mitosis 0.0010 1125 -15 1271 99
mitosis 0.0010 1177 756 1324 877
mitosis 0.0010 940 737 1605 1264
mitosis 0.0010 479 611 631 756
mitosis 0.0010 793 1406 961 1478
mitosis 0.0010 1176 853 1261 928
mitosis 0.0010 1550 1164 1672 1294
mitosis 0.0010 1325 1398 1512 1488
mitosis 0.0010 866 420 1021 555
mitosis 0.0010 1543 118 1673 258
mitosis 0.0010 555 677 690 798
mitosis 0.0010 1516 70 1551 110
mitosis 0.0010 873 947 1035 1078
mitosis 0.0010 1313 953 1431 1072
mitosis 0.0010 152 430 287 542
mitosis 0.0010 1360 191 1395 225
mitosis 0.0010 965 -5 1110 89
mitosis 0.0010 1141 1383 1214 1458
mitosis 0.0010 1549 945 1677 1073
mitosis 0.0010 12 463 106 552
mitosis 0.0010 1541 1030 1676 1156
mitosis 0.0010 180 1444 235 1485
mitosis 0.0010 1155 784 1230 867
mitosis 0.0010 1590 882 1638 927
