mitosis 0.5242 183 492 244 546
mitosis 0.4420 1087 16 1149 70
mitosis 0.4088 586 568 668 642
mitosis 0.3678 1493 983 1554 1046
mitosis 0.2624 738 190 815 253
mitosis 0.1992 187 511 254 573
mitosis 0.1780 476 1244 543 1309
mitosis 0.1721 765 188 836 249
mitosis 0.1700 1401 269 1436 306
mitosis 0.1562 698 154 754 202
mitosis 0.0859 815 656 899 722
mitosis 0.0850 797 196 842 241
mitosis 0.0817 937 703 1008 756
mitosis 0.0751 1292 237 1335 283
mitosis 0.0616 1233 365 1291 411
mitosis 0.0564 555 1129 604 1176
mitosis 0.0323 162 203 205 244
mitosis 0.0256 1583 48 1622 87
mitosis 0.0246 402 1238 456 1285
mitosis 0.0205 1283 978 1328 1018
mitosis 0.0190 675 1461 724 1486
mitosis 0.0146 1122 290 1162 333
mitosis 0.0127 554 561 683 713
mitosis 0.0125 1449 188 1505 239
mitosis 0.0120 204 303 1028 934
mitosis 0.0119 690 131 778 222
mitosis 0.0105 1148 1442 1190 1477
mitosis 0.0090 1441 262 1473 295
mitosis 0.0087 1636 1185 1663 1230
mitosis 0.0087 152 499 246 580
mitosis 0.0084 185 467 248 530
mitosis 0.0081 554 508 679 642
mitosis 0.0078 743 912 797 960
mitosis 0.0075 923 684 1012 768
mitosis 0.0075 992 349 1027 386
mitosis 0.0074 537 1120 622 1185
mitosis 0.0073 720 181 846 341
mitosis 0.0067 194 483 267 539
mitosis 0.0061 47 36 96 76
mitosis 0.0061 1029 708 1089 754
mitosis 0.0061 783 174 862 251
mitosis 0.0060 1219 352 1296 425
mitosis 0.0060 593 543 786 708
mitosis 0.0059 1171 706 1717 1290
mitosis 0.0058 30 152 69 192
mitosis 0.0056 691 1337 724 1370
mitosis 0.0054 138 490 270 630
mitosis 0.0051 335 -75 1224 567
mitosis 0.0049 1472 957 1589 1073
mitosis 0.0048 1516 1088 1560 1130
mitosis 0.0048 -199 227 610 855
mitosis 0.0046 1601 1429 1654 1483
mitosis 0.0042 1319 957 1566 1079
mitosis 0.0042 1461 125 1507 173
mitosis 0.0042 456 321 498 361
mitosis 0.0042 141 201 185 244
mitosis 0.0042 1283 224 1344 297
mitosis 0.0042 1578 252 1661 333
mitosis 0.0040 406 1231 447 1269
mitosis 0.0040 1322 20 1364 57
mitosis 0.0040 1011 701 1100 765
mitosis 0.0039 618 331 650 361
mitosis 0.0039 145 436 262 559
mitosis 0.0039 1469 998 1589 1158
mitosis 0.0038 464 1238 598 1370
mitosis 0.0038 810 669 903 755
mitosis 0.0037 579 587 674 687
mitosis 0.0036 40 0 84 21
mitosis 0.0036 1453 135 1508 199
mitosis 0.0035 967 705 1014 752
mitosis 0.0034 732 902 814 969
mitosis 0.0033 1459 955 1548 1037
mitosis 0.0033 1414 452 1502 521
mitosis 0.0032 568 175 821 362
mitosis 0.0032 1618 1047 1662 1115
mitosis 0.0032 1574 1412 1657 1482
mitosis 0.0031 434 309 1292 1078
mitosis 0.0031 761 -209 1288 288
mitosis 0.0031 1267 964 1359 1031
mitosis 0.0031 1608 261 1655 304
mitosis 0.0031 355 1227 548 1384
mitosis 0.0030 354 570 689 721
mitosis 0.0030 139 184 226 250
mitosis 0.0030 1047 28 1180 196
mitosis 0.0030 50 1196 93 1234
mitosis 0.0029 1492 1003 1570 1080
mitosis 0.0029 1431 171 1521 245
mitosis 0.0029 38 17 96 71
mitosis 0.0029 667 645 900 790
mitosis 0.0028 122 928 943 1638
mitosis 0.0027 569 1130 622 1179
mitosis 0.0027 1625 903 1663 939
mitosis 0.0027 302 313 340 348
mitosis 0.0027 1056 -21 1180 119
mitosis 0.0026 1426 459 1480 514
mitosis 0.0026 1498 1008 1617 1121
mitosis 0.0026 725 142 843 260
mitosis 0.0025 1430 209 1496 278
mitosis 0.0025 187 834 246 882
mitosis 0.0025 313 1380 340 1410
mitosis 0.0024 196 488 354 619
mitosis 0.0024 863 -14 1187 123
mitosis 0.0024 1394 241 1457 327
mitosis 0.0024 124 551 195 600
mitosis 0.0023 1577 13 1633 74
mitosis 0.0023 485 1227 573 1302
mitosis 0.0022 174 824 273 906
mitosis 0.0022 1357 1387 1465 1470
mitosis 0.0022 652 -251 1577 450
mitosis 0.0022 881 705 1013 852
mitosis 0.0021 794 664 875 740
mitosis 0.0021 1129 102 1182 147
mitosis 0.0021 1592 43 1638 91
mitosis 0.0021 1061 17 1127 70
mitosis 0.0021 1566 16 1649 95
mitosis 0.0020 1098 38 1180 121
mitosis 0.0020 1460 642 1505 687
mitosis 0.0020 1602 127 1640 169
mitosis 0.0020 860 625 1001 747
mitosis 0.0020 321 1308 352 1336
mitosis 0.0020 803 600 922 706
mitosis 0.0020 196 1215 227 1241
mitosis 0.0019 1231 375 1290 435
mitosis 0.0019 603 125 797 277
mitosis 0.0019 956 1424 1001 1457
mitosis 0.0019 1526 254 1572 302
mitosis 0.0018 1541 476 1643 564
mitosis 0.0018 456 1257 526 1317
mitosis 0.0018 397 1221 479 1304
mitosis 0.0018 43 1 99 45
mitosis 0.0017 198 425 355 544
mitosis 0.0017 495 398 550 442
mitosis 0.0017 466 1191 591 1295
mitosis 0.0017 704 159 799 237
mitosis 0.0017 1100 272 1184 347
mitosis 0.0017 1539 489 1577 536
mitosis 0.0017 1564 189 1599 221
mitosis 0.0016 306 911 338 938
mitosis 0.0016 942 819 988 853
mitosis 0.0016 1559 117 1664 233
mitosis 0.0016 3 1439 72 1483
mitosis 0.0016 1641 1197 1667 1247
mitosis 0.0016 1276 1280 1316 1312
mitosis 0.0016 1295 228 1354 277
mitosis 0.0016 405 1253 465 1305
mitosis 0.0016 1111 25 1182 73
mitosis 0.0016 943 655 1115 770
mitosis 0.0016 883 664 1020 776
mitosis 0.0016 1125 1419 1235 1479
mitosis 0.0015 130 1462 180 1486
mitosis 0.0015 260 1212 303 1247
mitosis 0.0015 782 633 865 714
mitosis 0.0015 1435 196 1557 287
mitosis 0.0015 1547 821 1677 949
mitosis 0.0015 473 1263 568 1348
mitosis 0.0014 1085 0 1139 50
mitosis 0.0014 935 1098 964 1129
mitosis 0.0014 1593 263 1648 321
mitosis 0.0014 159 453 187 486
mitosis 0.0014 1547 334 1692 494
mitosis 0.0014 1 1457 48 1486
mitosis 0.0014 103 535 203 610
mitosis 0.0014 1220 372 1317 461
mitosis 0.0013 1417 633 1518 722
mitosis 0.0013 1083 31 1145 91
mitosis 0.0013 1560 882 1676 1001
mitosis 0.0013 1176 331 1289 418
mitosis 0.0013 1443 887 1509 931
mitosis 0.0013 1615 1067 1663 1159
mitosis 0.0013 230 43 266 79
mitosis 0.0013 -13 1017 105 1147
mitosis 0.0013 1601 885 1659 942
mitosis 0.0013 1499 965 1573 1038
mitosis 0.0012 1033 143 1073 183
mitosis 0.0012 1302 3 1394 77
mitosis 0.0012 200 -50 1168 1163
mitosis 0.0012 951 703 1045 764
mitosis 0.0012 634 -1 683 16
mitosis 0.0012 1421 257 1468 293
mitosis 0.0012 965 1175 1008 1210
mitosis 0.0012 1547 720 1675 859
mitosis 0.0012 518 1379 559 1420
mitosis 0.0012 224 1030 350 1121
mitosis 0.0012 -65 495 288 652
mitosis 0.0012 1364 760 1421 800
mitosis 0.0012 1553 556 1675 695
mitosis 0.0012 1541 478 1601 537
mitosis 0.0012 1284 943 1339 1012
mitosis 0.0012 936 1410 1055 1478
mitosis 0.0012 785 774 977 932
mitosis 0.0011 388 1192 428 1227
mitosis 0.0011 1542 641 1675 778
mitosis 0.0011 300 -6 445 86
mitosis 0.0011 324 1190 357 1221
mitosis 0.0011 1446 1440 1511 1484
mitosis 0.0011 -11 930 106 1060
mitosis 0.0011 200 844 333 947
mitosis 0.0011 752 414 787 451
mitosis 0.0011 133 -4 281 97
mitosis 0.0011 591 476 789 637
mitosis 0.0011 1156 1439 1257 1481
mitosis 0.0011 1177 616 1274 700
mitosis 0.0011 1468 950 1520 993
mitosis 0.0011 1242 1179 1280 1210
mitosis 0.0011 600 544 709 631
mitosis 0.0011 1239 340 1307 406
mitosis 0.0011 610 612 774 756
mitosis 0.0011 -4 1122 115 1241
mitosis 0.0011 1104 -50 1278 124
mitosis 0.0011 1200 1442 1296 1484
mitosis 0.0011 448 309 565 396
mitosis 0.0010 631 1230 669 1259
mitosis 0.0010 1457 327 1512 377
mitosis 0.0010 1423 114 1522 206
mitosis 0.0010 337 900 390 938
mitosis 0.0010 1188 804 1344 940
mitosis 0.0010 945 695 1104 854
mitosis 0.0010 1125 708 1293 861
mitosis 0.0010 1550 486 1620 549
mitosis 0.0010 777 170 943 340
mitosis 0.0010 1103 82 1192 171
mitosis 0.0010 1579 33 1635 112
mitosis 0.0010 1026 933 1212 1095
mitosis 0.0010 451 1226 543 1298
mitosis 0.0010 200 530 273 584
mitosis 0.0010 363 -3 503 82
mitosis 0.0010 1620 997 1666 1085
mitosis 0.0010 1350 -14 1496 96
mitosis 0.0010 294 915 446 1057
mitosis 0.0010 1405 906 1556 1029
mitosis 0.0010 -18 706 121 850
mitosis 0.0010 629 89 684 143
mitosis 0.0010 42 699 194 855
mitosis 0.0010 482 379 584 492
mitosis 0.0010 950 943 1124 1090
mitosis 0.0010 467 360 572 453
mitosis 0.0010 1149 383 1275 489
mitosis 0.0010 1455 1256 1513 1305
mitosis 0.0010 1033 849 1214 1013
mitosis 0.0010 -18 628 121 768
mitosis 0.0010 947 318 1056 405
mitosis 0.0010 1126 1352 1262 1475
mitosis 0.0010 1034 782 1218 941
mitosis 0.0010 906 331 1048 447
mitosis 0.0010 1628 1161 1660 1222
