mitosis 0.6049 681 1362 743 1426
mitosis 0.5471 633 642 708 703
mitosis 0.5167 905 571 974 635
mitosis 0.4822 1529 153 1605 217
mitosis 0.4329 459 1378 502 1429
mitosis 0.3679 1224 1081 1292 1136
mitosis 0.2558 1119 1175 1176 1224
mitosis 0.2111 622 196 679 248
mitosis 0.1659 179 180 231 232
mitosis 0.1554 1272 688 1312 723
mitosis 0.0952 280 856 324 896
mitosis 0.0868 1165 1192 1208 1239
mitosis 0.0774 1514 548 1569 609
mitosis 0.0675 1501 159 1592 233
mitosis 0.0500 238 1425 289 1469
mitosis 0.0496 685 334 718 369
mitosis 0.0439 556 303 610 350
mitosis 0.0268 6 1382 42 1418
mitosis 0.0248 15 421 55 463
mitosis 0.0221 1234 764 1277 793
mitosis 0.0221 3 121 41 161
mitosis 0.0202 133 338 171 375
mitosis 0.0197 28 338 75 388
mitosis 0.0186 624 614 764 807
mitosis 0.0181 534 607 699 806
mitosis 0.0163 815 1321 865 1359
mitosis 0.0162 1548 260 1597 300
mitosis 0.0158 239 405 985 998
mitosis 0.0141 1455 120 1615 273
mitosis 0.0141 1204 -126 1857 474
mitosis 0.0125 880 551 1015 723
mitosis 0.0124 1484 197 1548 247
mitosis 0.0122 621 1340 779 1556
mitosis 0.0118 1237 1454 1286 1485
mitosis 0.0102 1515 119 1697 268
mitosis 0.0100 535 293 1360 939
mitosis 0.0093 915 574 1006 648
mitosis 0.0093 354 1057 1049 1659
mitosis 0.0092 628 579 763 722
mitosis 0.0091 1165 1009 1205 1045
mitosis 0.0088 640 1318 761 1453
mitosis 0.0085 719 555 998 727
mitosis 0.0082 646 627 732 695
mitosis 0.0079 1097 127 1155 179
mitosis 0.0079 459 1386 526 1439
mitosis 0.0066 640 11 688 42
mitosis 0.0065 1419 271 1477 317
mitosis 0.0064 553 286 623 360
mitosis 0.0061 1317 927 1369 960
mitosis 0.0061 639 657 721 723
mitosis 0.0059 673 1370 762 1447
mitosis 0.0058 446 1387 496 1440
mitosis 0.0052 1107 1179 1196 1235
mitosis 0.0052 878 511 1009 644
mitosis 0.0048 1081 117 1171 184
mitosis 0.0047 548 577 693 717
mitosis 0.0047 1162 1177 1231 1248
mitosis 0.0046 1445 71 1605 192
mitosis 0.0042 842 408 887 452
mitosis 0.0039 1230 863 1273 904
mitosis 0.0039 1197 1077 1352 1228
mitosis 0.0039 217 1415 307 1476
mitosis 0.0038 1263 671 1327 737
mitosis 0.0038 478 318 571 403
mitosis 0.0038 303 1416 365 1468
mitosis 0.0038 962 1155 1015 1198
mitosis 0.0036 265 850 349 913
mitosis 0.0036 369 834 1173 1896
mitosis 0.0035 1450 183 1609 336
mitosis 0.0034 292 1044 341 1090
mitosis 0.0032 285 225 327 273
mitosis 0.0032 1517 126 1606 202
mitosis 0.0031 824 410 888 474
mitosis 0.0031 1404 258 1494 320
mitosis 0.0030 879 797 1682 1480
mitosis 0.0030 1123 317 1162 350
mitosis 0.0030 268 1418 357 1474
mitosis 0.0029 682 1297 857 1450
mitosis 0.0029 166 1195 218 1241
mitosis 0.0029 1515 203 1610 289
mitosis 0.0029 1503 549 1604 631
mitosis 0.0029 1541 166 1617 237
mitosis 0.0027 190 160 245 234
mitosis 0.0026 233 317 270 348
mitosis 0.0025 379 1344 821 1444
mitosis 0.0025 1490 136 1521 162
mitosis 0.0025 450 88 491 127
mitosis 0.0024 1276 129 1336 177
mitosis 0.0024 282 95 317 136
mitosis 0.0023 58 17 103 51
mitosis 0.0023 1539 252 1587 292
mitosis 0.0023 543 1180 580 1219
mitosis 0.0023 1398 931 1437 961
mitosis 0.0022 540 930 585 972
mitosis 0.0022 1205 1032 1353 1149
mitosis 0.0022 122 726 152 762
mitosis 0.0022 1548 667 1671 786
mitosis 0.0021 1457 508 1608 629
mitosis 0.0021 717 514 995 637
mitosis 0.0021 1196 224 1860 858
mitosis 0.0021 601 594 639 630
mitosis 0.0021 1100 1024 1298 1154
mitosis 0.0020 668 871 723 926
mitosis 0.0020 212 708 312 801
mitosis 0.0020 1457 551 1606 711
mitosis 0.0019 5 330 85 404
mitosis 0.0019 651 855 747 935
mitosis 0.0019 41 1448 90 1482
mitosis 0.0019 857 943 894 978
mitosis 0.0018 818 675 861 707
mitosis 0.0018 1210 743 1312 809
mitosis 0.0018 20 1436 80 1484
mitosis 0.0018 1431 566 1466 593
mitosis 0.0018 28 1127 68 1165
mitosis 0.0018 1095 1154 1166 1218
mitosis 0.0018 612 156 683 243
mitosis 0.0018 804 412 899 498
mitosis 0.0018 9 584 59 642
mitosis 0.0018 -4 104 47 162
mitosis 0.0018 -4 399 79 484
mitosis 0.0017 539 294 603 375
mitosis 0.0017 1640 1194 1666 1233
mitosis 0.0017 232 728 281 790
mitosis 0.0017 679 314 739 384
mitosis 0.0016 31 328 113 393
mitosis 0.0016 0 696 37 758
mitosis 0.0016 1253 0 1310 21
mitosis 0.0016 1558 1418 1658 1480
mitosis 0.0016 1487 176 1569 266
mitosis 0.0016 196 564 233 604
mitosis 0.0015 1640 561 1663 600
mitosis 0.0015 1463 -3 1600 85
mitosis 0.0015 629 184 760 339
mitosis 0.0015 1544 244 1609 314
mitosis 0.0015 697 492 888 663
mitosis 0.0015 926 485 979 527
mitosis 0.0015 795 1304 882 1373
mitosis 0.0015 935 1146 1029 1216
mitosis 0.0015 13 349 67 396
mitosis 0.0014 1536 1247 1688 1373
mitosis 0.0014 1484 614 1524 647
mitosis 0.0014 1551 -3 1654 91
mitosis 0.0014 1533 253 1637 334
mitosis 0.0014 864 712 1046 857
mitosis 0.0014 1546 440 1668 566
mitosis 0.0014 516 892 560 932
mitosis 0.0014 -3 53 44 149
mitosis 0.0014 612 182 668 237
mitosis 0.0014 556 180 683 348
mitosis 0.0014 94 627 146 685
mitosis 0.0014 943 723 1116 854
mitosis 0.0014 506 892 600 971
mitosis 0.0014 1161 205 1198 235
mitosis 0.0014 1206 1370 1245 1403
mitosis 0.0014 1340 928 1424 965
mitosis 0.0014 1550 1163 1675 1283
mitosis 0.0014 465 332 546 417
mitosis 0.0013 2 429 45 470
mitosis 0.0013 867 447 996 587
mitosis 0.0013 209 192 321 288
mitosis 0.0013 687 690 872 865
mitosis 0.0013 651 646 773 735
mitosis 0.0013 524 861 666 970
mitosis 0.0013 285 1393 399 1473
mitosis 0.0013 1538 824 1668 939
mitosis 0.0013 1579 1439 1647 1477
mitosis 0.0013 192 1326 227 1363
mitosis 0.0013 1206 816 1305 896
mitosis 0.0013 1132 1159 1211 1232
mitosis 0.0013 1217 706 1315 781
mitosis 0.0013 694 1341 756 1406
mitosis 0.0013 1295 909 1401 972
mitosis 0.0013 1521 536 1571 589
mitosis 0.0013 1492 136 1539 172
mitosis 0.0012 1548 336 1661 451
mitosis 0.0012 1221 667 1331 750
mitosis 0.0012 928 434 1090 574
mitosis 0.0012 1049 1397 1091 1432
mitosis 0.0012 10 1419 121 1480
mitosis 0.0012 1550 1113 1675 1219
mitosis 0.0012 913 490 979 574
mitosis 0.0012 1150 583 1311 711
mitosis 0.0012 1078 281 1199 371
mitosis 0.0012 1149 969 1203 1031
mitosis 0.0012 266 -129 964 476
mitosis 0.0012 1157 1358 1230 1407
mitosis 0.0012 1330 1117 1385 1164
mitosis 0.0012 1083 226 1138 263
mitosis 0.0012 1535 902 1651 977
mitosis 0.0012 146 184 246 338
mitosis 0.0012 1543 927 1655 1022
mitosis 0.0012 1093 1078 1292 1242
mitosis 0.0012 954 620 1118 753
mitosis 0.0011 778 700 963 859
mitosis 0.0011 -248 -80 647 423
mitosis 0.0011 836 935 894 981
mitosis 0.0011 1587 1445 1634 1471
mitosis 0.0011 277 100 327 150
mitosis 0.0011 1484 246 1599 323
mitosis 0.0011 1455 544 1572 647
mitosis 0.0011 1021 1236 1063 1278
mitosis 0.0011 440 83 479 122
mitosis 0.0011 457 1334 511 1439
mitosis 0.0011 1259 116 1356 184
mitosis 0.0011 557 136 691 264
mitosis 0.0011 1613 1156 1651 1189
mitosis 0.0011 128 1178 250 1271
mitosis 0.0011 687 337 731 381
mitosis 0.0011 1157 44 2040 1055
mitosis 0.0011 163 170 219 226
mitosis 0.0011 150 131 254 262
mitosis 0.0011 1543 1355 1676 1469
mitosis 0.0011 363 800 545 948
mitosis 0.0011 865 1404 1006 1486
mitosis 0.0011 11 577 119 686
mitosis 0.0011 130 91 179 155
mitosis 0.0011 598 202 656 248
mitosis 0.0011 -6 1368 91 1448
mitosis 0.0011 670 335 711 375
mitosis 0.0011 1407 -8 1539 79
mitosis 0.0011 950 864 1115 1004
mitosis 0.0011 1430 249 1487 298
mitosis 0.0011 1403 482 1476 542
mitosis 0.0011 1153 1 1244 38
mitosis 0.0011 1162 1175 1301 1279
mitosis 0.0011 513 895 575 952
mitosis 0.0010 273 1029 372 1101
mitosis 0.0010 655 1364 726 1429
mitosis 0.0010 504 35 1524 1232
mitosis 0.0010 1636 1301 1663 1337
mitosis 0.0010 2 1362 61 1430
mitosis 0.0010 308 1368 384 1454
mitosis 0.0010 364 1034 520 1166
mitosis 0.0010 910 530 1137 727
mitosis 0.0010 1354 1385 1550 1481
mitosis 0.0010 1038 1146 1206 1314
mitosis 0.0010 618 398 788 556
mitosis 0.0010 1525 548 1599 605
mitosis 0.0010 1175 1207 1225 1248
mitosis 0.0010 965 1165 1128 1262
mitosis 0.0010 612 130 777 262
mitosis 0.0010 625 912 787 1086
mitosis 0.0010 0 545 96 662
mitosis 0.0010 319 569 353 613
mitosis 0.0010 789 616 964 759
mitosis 0.0010 523 915 678 1062
mitosis 0.0010 534 409 688 557
mitosis 0.0010 245 1403 297 1463
mitosis 0.0010 1541 1041 1674 1161
mitosis 0.0010 12 115 62 159
mitosis 0.0010 444 1004 622 1163
mitosis 0.0010 601 189 675 262
mitosis 0.0010 1044 86 1164 182
mitosis 0.0010 784 287 828 324
mitosis 0.0010 1136 -8 1277 81
