mitosis 0.5163 923 737 992 808
mitosis 0.4905 318 632 376 693
mitosis 0.3844 1260 810 1324 866
mitosis 0.3499 1113 1167 1180 1231
mitosis 0.3377 1485 900 1552 964
mitosis 0.2144 1560 13 1620 67
mitosis 0.1752 1422 1395 1466 1441
mitosis 0.1364 1477 180 1522 223
mitosis 0.1175 340 578 391 619
mitosis 0.1152 511 917 548 952
mitosis 0.0558 909 1095 976 1159
mitosis 0.0420 1365 677 1428 740
mitosis 0.0380 1525 403 1568 442
mitosis 0.0368 1251 1313 1292 1350
mitosis 0.0300 937 751 1004 816
mitosis 0.0266 821 1407 868 1453
mitosis 0.0193 481 523 531 575
mitosis 0.0177 1244 1426 1295 1481
mitosis 0.0127 273 1097 312 1137
mitosis 0.0109 322 573 396 653
mitosis 0.0098 1414 1382 1475 1455
mitosis 0.0080 972 79 1011 125
mitosis 0.0067 1067 17 1110 73
mitosis 0.0066 892 725 1008 856
mitosis 0.0061 543 443 1353 1086
mitosis 0.0059 1428 1438 1488 1481
mitosis 0.0058 1472 147 1544 221
mitosis 0.0055 797 1403 894 1475
mitosis 0.0055 1129 619 1756 1225
mitosis 0.0051 1633 1444 1663 1489
mitosis 0.0048 1531 411 1578 451
mitosis 0.0048 1057 1150 1182 1308
mitosis 0.0044 1230 1411 1319 1482
mitosis 0.0043 1342 881 1557 1002
mitosis 0.0043 891 657 999 806
mitosis 0.0042 1564 435 1605 472
mitosis 0.0040 681 915 1548 1513
mitosis 0.0039 1473 879 1590 998
mitosis 0.0038 345 202 393 244
mitosis 0.0036 1569 3 1640 59
mitosis 0.0035 929 697 1120 864
mitosis 0.0035 582 1096 627 1138
mitosis 0.0034 506 896 567 965
mitosis 0.0034 1465 913 1587 1081
mitosis 0.0034 945 237 1002 296
mitosis 0.0033 1444 1448 1499 1487
mitosis 0.0033 -3 1420 43 1480
mitosis 0.0032 518 778 590 853
mitosis 0.0031 1397 1393 1458 1451
mitosis 0.0031 694 726 1024 870
mitosis 0.0030 1247 814 1330 907
mitosis 0.0030 42 13 98 57
mitosis 0.0029 429 977 462 1019
mitosis 0.0028 1121 1165 1259 1292
mitosis 0.0027 857 929 897 971
mitosis 0.0027 667 6 727 68
mitosis 0.0026 994 621 2054 1361
mitosis 0.0025 523 756 569 806
mitosis 0.0024 932 215 1025 301
mitosis 0.0024 1050 1 1140 79
mitosis 0.0024 558 808 594 850
mitosis 0.0024 336 551 408 631
mitosis 0.0024 871 279 929 334
mitosis 0.0023 467 511 551 583
mitosis 0.0023 1052 1110 1184 1227
mitosis 0.0023 507 1059 602 1139
mitosis 0.0022 1339 1386 1480 1470
mitosis 0.0021 726 895 777 939
mitosis 0.0021 1535 419 1598 469
mitosis 0.0021 291 637 427 781
mitosis 0.0020 875 768 1023 939
mitosis 0.0020 1120 1179 1204 1256
mitosis 0.0019 302 617 369 682
mitosis 0.0019 1485 127 1564 197
mitosis 0.0019 247 0 302 32
mitosis 0.0019 941 44 1033 139
mitosis 0.0019 1240 813 1305 864
mitosis 0.0019 1510 391 1597 458
mitosis 0.0018 1452 -11 1618 116
mitosis 0.0018 1224 -260 1844 327
mitosis 0.0018 1267 778 1446 921
mitosis 0.0017 845 623 1525 1086
mitosis 0.0017 851 254 945 344
mitosis 0.0017 1415 1403 1514 1481
mitosis 0.0017 931 725 1034 819
mitosis 0.0016 819 1402 946 1485
mitosis 0.0016 501 494 567 564
mitosis 0.0016 69 958 108 1001
mitosis 0.0016 676 963 741 1020
mitosis 0.0016 472 880 1236 1417
mitosis 0.0015 1429 160 1524 242
mitosis 0.0015 1482 851 1547 955
mitosis 0.0015 506 1059 571 1115
mitosis 0.0015 1550 23 1673 195
mitosis 0.0015 335 586 425 669
mitosis 0.0015 889 1095 1013 1211
mitosis 0.0015 917 683 1050 806
mitosis 0.0015 -122 346 854 1033
mitosis 0.0015 282 1099 329 1140
mitosis 0.0015 232 1085 353 1176
mitosis 0.0015 1384 1371 1489 1447
mitosis 0.0015 721 1098 1008 1228
mitosis 0.0014 1274 362 1321 409
mitosis 0.0014 911 393 1654 1155
mitosis 0.0014 1497 885 1571 959
mitosis 0.0014 1037 780 1346 957
mitosis 0.0014 1372 673 1471 760
mitosis 0.0014 206 606 366 699
mitosis 0.0014 814 1423 869 1481
mitosis 0.0014 990 582 1033 627
mitosis 0.0014 1617 1425 1661 1486
mitosis 0.0014 43 1030 78 1064
mitosis 0.0013 1196 -13 1345 85
mitosis 0.0013 1089 -4 1223 80
mitosis 0.0013 530 501 576 539
mitosis 0.0013 1237 1295 1285 1349
mitosis 0.0013 331 172 434 247
mitosis 0.0012 1551 -12 1681 106
mitosis 0.0012 1392 344 1444 389
mitosis 0.0012 884 1073 956 1150
mitosis 0.0012 1223 742 1338 860
mitosis 0.0012 1636 869 1663 914
mitosis 0.0012 23 6 125 68
mitosis 0.0012 729 259 776 312
mitosis 0.0012 523 770 580 828
mitosis 0.0012 327 518 398 600
mitosis 0.0012 1043 478 1081 516
mitosis 0.0012 699 906 779 982
mitosis 0.0012 1506 503 1544 540
mitosis 0.0011 660 945 764 1033
mitosis 0.0011 1395 -11 1542 81
mitosis 0.0011 280 -8 421 86
mitosis 0.0011 654 3 748 88
mitosis 0.0011 1393 845 1538 968
mitosis 0.0011 1085 1185 1161 1265
mitosis 0.0011 1226 1292 1319 1372
mitosis 0.0011 104 1314 166 1366
mitosis 0.0011 893 240 1001 327
mitosis 0.0011 161 432 188 461
mitosis 0.0011 478 654 620 802
mitosis 0.0011 1118 0 1167 29
mitosis 0.0011 486 151 525 186
mitosis 0.0011 1252 326 1352 416
mitosis 0.0011 311 472 366 510
mitosis 0.0011 564 937 721 1069
mitosis 0.0011 1615 243 1662 323
mitosis 0.0011 199 651 370 782
mitosis 0.0011 399 784 557 923
mitosis 0.0011 631 1380 827 1488
mitosis 0.0011 1513 392 1562 437
mitosis 0.0010 1347 189 1422 249
mitosis 0.0010 113 940 143 972
mitosis 0.0010 1473 814 1582 938
mitosis 0.0010 1577 1139 1619 1182
mitosis 0.0010 144 160 181 191
mitosis 0.0010 368 164 432 224
mitosis 0.0010 1072 1391 1227 1482
mitosis 0.0010 364 -12 513 92
mitosis 0.0010 1595 282 1655 348
mitosis 0.0010 52 277 193 392
mitosis 0.0010 251 -2 327 43
mitosis 0.0010 333 950 470 1080
mitosis 0.0010 773 164 814 203
mitosis 0.0010 273 1047 387 1153
mitosis 0.0010 1573 1400 1668 1482
