mitosis 0.5918 4 1254 82 1320
mitosis 0.5810 904 777 977 835
mitosis 0.5277 589 477 662 531
mitosis 0.2729 1519 1142 1564 1183
mitosis 0.2660 796 359 845 401
mitosis 0.2504 120 5 171 54
mitosis 0.1180 1046 787 1088 835
mitosis 0.1170 64 868 122 917
mitosis 0.0764 0 618 25 647
mitosis 0.0553 188 1456 235 1485
mitosis 0.0280 1635 934 1663 968
mitosis 0.0250 1563 761 1600 799
mitosis 0.0200 -7 1257 55 1314
mitosis 0.0187 1193 58 1232 94
mitosis 0.0185 793 341 852 416
mitosis 0.0165 -33 1214 107 1403
mitosis 0.0164 1534 1147 1579 1189
mitosis 0.0162 359 657 409 704
mitosis 0.0150 -337 986 412 1580
mitosis 0.0131 1515 1126 1578 1195
mitosis 0.0126 104 2 191 62
mitosis 0.0104 -318 777 518 1803
mitosis 0.0100 199 910 248 957
mitosis 0.0097 18 1207 190 1384
mitosis 0.0092 -40 1168 102 1327
mitosis 0.0091 880 766 1006 938
mitosis 0.0090 44 860 132 926
mitosis 0.0080 550 464 687 655
mitosis 0.0077 1042 774 1096 853
mitosis 0.0076 1072 1410 1108 1449
mitosis 0.0073 11 501 56 544
mitosis 0.0071 516 505 1383 1166
mitosis 0.0069 259 156 968 788
mitosis 0.0068 559 428 677 567
mitosis 0.0068 1072 480 1112 521
mitosis 0.0064 198 705 239 741
mitosis 0.0057 413 308 446 343
mitosis 0.0053 -3 1079 32 1122
mitosis 0.0053 462 282 514 330
mitosis 0.0050 745 526 793 568
mitosis 0.0050 542 1418 590 1453
mitosis 0.0047 887 787 962 851
mitosis 0.0046 607 390 763 582
mitosis 0.0044 167 877 201 913
mitosis 0.0043 1369 1416 1397 1451
mitosis 0.0042 720 722 992 866
mitosis 0.0042 791 1384 834 1423
mitosis 0.0041 164 885 254 958
mitosis 0.0041 1537 256 1567 289
mitosis 0.0040 28 1268 94 1327
mitosis 0.0039 234 350 275 392
mitosis 0.0038 1295 1377 1329 1423
mitosis 0.0037 891 721 1007 861
mitosis 0.0037 904 766 1025 848
mitosis 0.0036 1114 1175 1150 1214
mitosis 0.0034 397 1386 434 1429
mitosis 0.0034 936 381 975 423
mitosis 0.0033 726 1218 761 1245
mitosis 0.0033 566 482 660 561
mitosis 0.0032 1029 777 1077 836
mitosis 0.0032 1422 0 1460 26
mitosis 0.0030 350 435 696 577
mitosis 0.0028 892 778 949 828
mitosis 0.0028 586 1333 649 1395
mitosis 0.0027 184 1442 245 1484
mitosis 0.0027 357 875 401 916
mitosis 0.0026 986 774 1086 847
mitosis 0.0026 -6 1235 71 1303
mitosis 0.0025 628 84 670 121
mitosis 0.0025 -2 1029 20 1063
mitosis 0.0025 333 880 419 973
mitosis 0.0025 41 204 81 243
mitosis 0.0025 354 641 421 714
mitosis 0.0024 1296 1392 1330 1438
mitosis 0.0023 786 1231 824 1266
mitosis 0.0023 1184 1184 1213 1218
mitosis 0.0022 349 876 404 944
mitosis 0.0022 1622 925 1663 973
mitosis 0.0021 549 1220 589 1253
mitosis 0.0021 1611 1409 1642 1439
mitosis 0.0021 1571 763 1619 803
mitosis 0.0021 667 1463 707 1485
mitosis 0.0021 58 -31 184 129
mitosis 0.0020 815 1444 870 1482
mitosis 0.0020 -1 1042 28 1110
mitosis 0.0019 341 922 388 967
mitosis 0.0019 31 1429 75 1469
mitosis 0.0018 0 604 34 651
mitosis 0.0017 -27 1295 93 1452
mitosis 0.0017 402 203 438 243
mitosis 0.0017 350 101 391 147
mitosis 0.0017 -267 -277 495 347
mitosis 0.0017 338 913 401 979
mitosis 0.0017 918 752 995 829
mitosis 0.0016 96 -2 160 53
mitosis 0.0016 464 1358 495 1388
mitosis 0.0016 -62 856 131 1008
mitosis 0.0016 858 322 891 353
mitosis 0.0016 1304 1416 1333 1448
mitosis 0.0016 1635 1297 1664 1342
mitosis 0.0016 313 319 352 357
mitosis 0.0016 60 397 112 450
mitosis 0.0015 42 0 155 68
mitosis 0.0015 170 883 226 944
mitosis 0.0015 170 1434 254 1496
mitosis 0.0015 1370 1432 1406 1469
mitosis 0.0015 718 513 805 578
mitosis 0.0014 1053 457 1139 540
mitosis 0.0014 118 -42 269 131
mitosis 0.0014 729 104 768 144
mitosis 0.0014 743 765 981 957
mitosis 0.0014 346 147 382 185
mitosis 0.0014 1082 1395 1119 1434
mitosis 0.0014 1539 932 1602 985
mitosis 0.0014 666 5 767 81
mitosis 0.0013 1 283 25 330
mitosis 0.0013 512 774 572 829
mitosis 0.0013 1509 1377 1536 1408
mitosis 0.0013 1012 1409 1050 1444
mitosis 0.0013 797 375 864 437
mitosis 0.0013 55 868 173 991
mitosis 0.0013 671 2 726 50
mitosis 0.0013 554 1338 658 1415
mitosis 0.0013 -7 1103 94 1241
mitosis 0.0013 -10 1032 98 1146
mitosis 0.0013 0 369 25 412
mitosis 0.0012 1429 196 1461 235
mitosis 0.0012 1071 1415 1118 1467
mitosis 0.0012 19 1425 80 1485
mitosis 0.0012 1541 -2 1644 94
mitosis 0.0012 1631 939 1666 989
mitosis 0.0012 190 1446 286 1485
mitosis 0.0012 -14 928 111 1074
mitosis 0.0012 1505 444 1541 487
mitosis 0.0012 1226 1169 1264 1218
mitosis 0.0012 744 1217 813 1262
mitosis 0.0012 1096 1384 1134 1422
mitosis 0.0012 -389 602 456 1235
mitosis 0.0012 0 1084 23 1138
mitosis 0.0012 347 131 388 176
mitosis 0.0012 1040 764 1087 823
mitosis 0.0012 1252 991 1295 1051
mitosis 0.0011 1064 247 1097 291
mitosis 0.0011 437 693 482 730
mitosis 0.0011 1060 467 1107 524
mitosis 0.0011 1080 473 1130 523
mitosis 0.0011 172 686 270 768
mitosis 0.0011 181 316 292 399
mitosis 0.0011 1636 448 1662 492
mitosis 0.0011 316 56 437 162
mitosis 0.0011 1186 1172 1233 1219
mitosis 0.0011 1 588 25 644
mitosis 0.0011 206 890 274 951
mitosis 0.0011 769 380 927 539
mitosis 0.0010 947 640 1112 815
mitosis 0.0010 1420 -3 1472 36
mitosis 0.0010 1285 1340 1340 1412
mitosis 0.0010 677 1130 722 1168
mitosis 0.0010 1028 834 1203 1017
mitosis 0.0010 806 660 968 816
mitosis 0.0010 949 830 1119 1008
mitosis 0.0010 291 1453 346 1484
mitosis 0.0010 1054 351 1190 495
mitosis 0.0010 -4 904 38 991
mitosis 0.0010 1188 1087 1346 1242
mitosis 0.0010 1361 1417 1413 1469
mitosis 0.0010 895 357 999 444
mitosis 0.0010 11 -6 102 47
mitosis 0.0010 189 1279 223 1311
mitosis 0.0010 508 1392 544 1422
