mitosis 0.5958 882 1015 955 1079
mitosis 0.4616 1351 264 1417 319
mitosis 0.3803 758 416 839 491
mitosis 0.3041 496 115 545 160
mitosis 0.2161 -8 14 35 75
mitosis 0.2158 751 737 797 783
mitosis 0.0934 1435 1256 1473 1290
mitosis 0.0823 705 302 759 357
mitosis 0.0522 408 1209 450 1248
mitosis 0.0467 1090 348 1138 395
mitosis 0.0451 218 277 269 315
mitosis 0.0308 1369 1220 1403 1254
mitosis 0.0192 -1 2 45 91
mitosis 0.0190 527 887 560 922
mitosis 0.0158 723 393 848 583
mitosis 0.0156 777 979 955 1177
mitosis 0.0147 870 1001 1016 1160
mitosis 0.0144 514 1445 552 1477
mitosis 0.0140 482 758 1241 1385
mitosis 0.0138 546 866 594 911
mitosis 0.0121 349 178 1209 766
mitosis 0.0116 -1 756 27 798
mitosis 0.0108 1576 169 1613 208
mitosis 0.0105 748 722 811 791
mitosis 0.0083 300 1168 340 1207
mitosis 0.0083 726 352 842 500
mitosis 0.0082 823 258 863 297
mitosis 0.0081 226 1139 272 1181
mitosis 0.0080 1629 646 1661 682
mitosis 0.0077 1302 233 1426 439
mitosis 0.0072 769 373 941 590
mitosis 0.0070 492 103 562 166
mitosis 0.0069 1466 1386 1506 1423
mitosis 0.0069 873 963 1007 1080
mitosis 0.0062 687 290 774 361
mitosis 0.0062 661 941 707 985
mitosis 0.0055 759 373 843 459
mitosis 0.0055 945 40 1776 609
mitosis 0.0054 1502 368 1551 415
mitosis 0.0053 398 675 460 735
mitosis 0.0051 787 951 940 1086
mitosis 0.0050 771 395 858 480
mitosis 0.0049 533 1323 570 1359
mitosis 0.0048 187 1078 222 1112
mitosis 0.0048 1266 1126 1318 1173
mitosis 0.0045 1083 332 1149 406
mitosis 0.0044 870 1029 941 1096
mitosis 0.0044 0 140 30 189
mitosis 0.0041 490 832 530 869
mitosis 0.0040 247 397 275 423
mitosis 0.0040 1167 1464 1210 1485
mitosis 0.0036 1309 202 1421 347
mitosis 0.0036 1356 1379 1394 1408
mitosis 0.0034 820 829 860 871
mitosis 0.0033 1638 1020 1663 1065
mitosis 0.0033 780 374 824 413
mitosis 0.0033 1179 1460 1222 1485
mitosis 0.0032 1103 3 1164 53
mitosis 0.0032 844 110 891 143
mitosis 0.0032 527 869 586 918
mitosis 0.0032 687 76 727 113
mitosis 0.0031 42 684 77 725
mitosis 0.0030 1322 253 1407 330
mitosis 0.0030 778 577 814 609
mitosis 0.0029 518 883 571 934
mitosis 0.0028 1246 1119 1329 1183
mitosis 0.0027 892 994 992 1066
mitosis 0.0027 927 838 967 875
mitosis 0.0027 520 409 859 589
mitosis 0.0027 1049 741 1095 789
mitosis 0.0027 396 138 431 172
mitosis 0.0026 1123 184 1157 214
mitosis 0.0025 730 1052 771 1087
mitosis 0.0025 212 267 306 329
mitosis 0.0025 1448 1256 1489 1288
mitosis 0.0025 356 -112 1345 914
mitosis 0.0024 769 372 828 432
mitosis 0.0023 414 1042 447 1077
mitosis 0.0023 772 335 942 499
mitosis 0.0023 1418 1401 1459 1437
mitosis 0.0022 281 1162 317 1200
mitosis 0.0022 1356 1274 1386 1300
mitosis 0.0021 275 1158 309 1191
mitosis 0.0021 1144 202 1181 239
mitosis 0.0021 1362 187 1506 348
mitosis 0.0020 481 909 519 954
mitosis 0.0020 401 1192 460 1263
mitosis 0.0020 272 295 325 339
mitosis 0.0020 519 862 606 934
mitosis 0.0019 961 373 995 408
mitosis 0.0019 595 909 630 940
mitosis 0.0019 900 452 933 486
mitosis 0.0019 201 515 239 551
mitosis 0.0019 114 1200 153 1233
mitosis 0.0018 134 279 173 315
mitosis 0.0018 1126 188 1175 232
mitosis 0.0018 694 1241 736 1279
mitosis 0.0018 1274 755 1318 798
mitosis 0.0018 1512 1185 1550 1219
mitosis 0.0017 1370 258 1444 318
mitosis 0.0017 0 1300 31 1364
mitosis 0.0017 818 1318 863 1356
mitosis 0.0017 1207 1062 1250 1109
mitosis 0.0017 750 435 817 506
mitosis 0.0017 1283 -17 1424 92
mitosis 0.0017 1340 462 1388 505
mitosis 0.0017 1484 360 1569 429
mitosis 0.0017 1030 727 1124 804
mitosis 0.0016 1367 242 1503 424
mitosis 0.0016 134 273 189 326
mitosis 0.0016 406 678 483 753
mitosis 0.0016 1419 1234 1486 1313
mitosis 0.0016 582 459 620 495
mitosis 0.0016 1430 720 1527 800
mitosis 0.0016 -1 670 18 707
mitosis 0.0015 320 1061 373 1113
mitosis 0.0015 645 793 679 825
mitosis 0.0015 181 20 218 55
mitosis 0.0015 1317 182 1358 218
mitosis 0.0015 1381 1221 1505 1300
mitosis 0.0015 271 1323 308 1360
mitosis 0.0015 -2 112 36 186
mitosis 0.0015 546 333 848 523
mitosis 0.0014 1309 358 1435 521
mitosis 0.0014 662 948 718 1004
mitosis 0.0014 696 696 772 769
mitosis 0.0014 1499 1236 1545 1285
mitosis 0.0014 264 483 302 523
mitosis 0.0014 1211 -15 1354 86
mitosis 0.0013 541 990 573 1020
mitosis 0.0013 -13 713 90 810
mitosis 0.0013 1285 642 1457 775
mitosis 0.0013 1551 144 1643 225
mitosis 0.0013 463 8 586 139
mitosis 0.0013 1558 -10 1658 97
mitosis 0.0013 1415 1256 1461 1291
mitosis 0.0013 1017 438 1069 478
mitosis 0.0013 1487 -8 1616 118
mitosis 0.0013 644 271 775 413
mitosis 0.0012 883 271 931 321
mitosis 0.0012 639 941 728 1017
mitosis 0.0012 1461 735 1516 781
mitosis 0.0012 735 718 788 796
mitosis 0.0012 1544 716 1670 855
mitosis 0.0012 704 275 810 359
mitosis 0.0012 752 735 842 809
mitosis 0.0012 444 735 582 874
mitosis 0.0012 892 479 942 537
mitosis 0.0012 555 851 612 902
mitosis 0.0012 0 165 26 222
mitosis 0.0012 260 1412 389 1479
mitosis 0.0012 861 1242 899 1272
mitosis 0.0011 217 1110 338 1198
mitosis 0.0011 207 1108 270 1173
mitosis 0.0011 1569 611 1672 721
mitosis 0.0011 1043 736 1080 772
mitosis 0.0011 206 -8 359 99
mitosis 0.0011 840 1023 925 1089
mitosis 0.0011 214 1085 252 1122
mitosis 0.0011 811 508 935 608
mitosis 0.0011 1344 1191 1471 1282
mitosis 0.0011 300 -8 441 101
mitosis 0.0011 1034 754 1188 918
mitosis 0.0011 584 1117 644 1178
mitosis 0.0011 137 1400 321 1487
mitosis 0.0011 41 1398 212 1485
mitosis 0.0010 118 1136 156 1172
mitosis 0.0010 127 -2 258 86
mitosis 0.0010 1324 1430 1358 1463
mitosis 0.0010 488 124 534 170
mitosis 0.0010 536 647 719 785
mitosis 0.0010 867 510 941 583
mitosis 0.0010 1550 1389 1666 1478
mitosis 0.0010 1088 331 1134 381
mitosis 0.0010 1355 1215 1398 1257
mitosis 0.0010 1462 556 1626 705
mitosis 0.0010 1126 856 1293 1012
mitosis 0.0010 389 -8 530 108
mitosis 0.0010 1533 495 1666 638
mitosis 0.0010 19 648 130 735
mitosis 0.0010 744 750 847 858
mitosis 0.0010 344 414 383 451
mitosis 0.0010 1374 -13 1513 107
mitosis 0.0010 961 1130 1005 1168
mitosis 0.0010 945 856 1118 1021
mitosis 0.0010 1040 855 1207 1012
mitosis 0.0010 1455 691 1588 803
