mitosis 0.3400 1457 1034 1524 1101
mitosis 0.2409 907 980 958 1031
mitosis 0.1468 1088 705 1134 747
mitosis 0.1375 895 1163 943 1203
mitosis 0.1329 1325 1120 1377 1163
mitosis 0.0979 291 175 348 219
mitosis 0.0646 168 493 212 528
mitosis 0.0506 205 886 252 922
mitosis 0.0490 1079 469 1139 514
mitosis 0.0367 1068 436 1154 512
mitosis 0.0318 1602 16 1641 56
mitosis 0.0303 98 396 155 447
mitosis 0.0203 899 964 972 1039
mitosis 0.0184 1527 847 1564 879
mitosis 0.0170 1445 611 1519 672
mitosis 0.0161 1264 93 1309 141
mitosis 0.0129 1323 1103 1387 1174
mitosis 0.0107 588 1446 635 1480
mitosis 0.0104 1061 407 1152 484
mitosis 0.0099 183 1238 233 1276
mitosis 0.0095 620 1006 667 1051
mitosis 0.0089 1527 1360 1571 1399
mitosis 0.0085 1082 688 1150 754
mitosis 0.0079 0 1065 42 1103
mitosis 0.0078 838 1204 876 1236
mitosis 0.0068 1381 1015 1525 1157
mitosis 0.0067 283 162 360 232
mitosis 0.0067 895 1146 954 1216
mitosis 0.0067 919 982 977 1036
mitosis 0.0065 775 939 823 981
mitosis 0.0064 1095 744 1795 1396
mitosis 0.0064 1025 590 1073 633
mitosis 0.0061 931 328 968 364
mitosis 0.0055 1614 319 1652 358
mitosis 0.0051 1043 419 1134 501
mitosis 0.0047 1370 55 1405 86
mitosis 0.0046 1334 1288 1376 1326
mitosis 0.0046 818 259 856 289
mitosis 0.0046 501 1143 535 1172
mitosis 0.0046 1047 457 1131 514
mitosis 0.0045 1481 1040 1542 1096
mitosis 0.0044 753 1236 788 1274
mitosis 0.0042 258 819 303 857
mitosis 0.0041 1457 1020 1593 1151
mitosis 0.0040 1477 1253 1524 1297
mitosis 0.0039 271 1144 302 1177
mitosis 0.0037 202 862 266 938
mitosis 0.0036 1069 465 1153 530
mitosis 0.0036 111 402 171 456
mitosis 0.0036 4 979 43 1012
mitosis 0.0033 162 477 203 512
mitosis 0.0032 984 316 1026 355
mitosis 0.0030 317 115 357 146
mitosis 0.0030 1308 123 1363 170
mitosis 0.0030 59 1285 113 1334
mitosis 0.0029 1269 86 1369 166
mitosis 0.0028 903 1168 959 1209
mitosis 0.0028 419 1040 466 1073
mitosis 0.0024 159 461 195 491
mitosis 0.0024 967 1046 1000 1078
mitosis 0.0024 1439 1040 1504 1094
mitosis 0.0023 298 992 343 1032
mitosis 0.0023 1067 704 1124 753
mitosis 0.0023 -10 -1 44 49
mitosis 0.0022 173 337 207 372
mitosis 0.0022 1320 978 1357 1010
mitosis 0.0021 1097 549 1162 601
mitosis 0.0021 559 1443 630 1482
mitosis 0.0021 890 929 964 1024
mitosis 0.0021 587 818 626 849
mitosis 0.0021 1381 967 1506 1081
mitosis 0.0021 1575 3 1658 69
mitosis 0.0021 294 22 336 55
mitosis 0.0020 560 1420 657 1476
mitosis 0.0019 1625 743 1661 781
mitosis 0.0019 353 536 391 570
mitosis 0.0019 890 952 1012 1064
mitosis 0.0019 1010 572 1101 639
mitosis 0.0018 1462 1014 1544 1089
mitosis 0.0018 90 51 130 87
mitosis 0.0018 1157 24 1189 50
mitosis 0.0018 1358 48 1410 90
mitosis 0.0018 70 163 109 201
mitosis 0.0018 1057 432 1179 547
mitosis 0.0017 106 483 159 522
mitosis 0.0017 914 973 1005 1044
mitosis 0.0017 895 183 942 215
mitosis 0.0017 921 571 959 600
mitosis 0.0017 135 485 205 528
mitosis 0.0016 854 201 896 229
mitosis 0.0016 159 471 227 547
mitosis 0.0016 535 660 1362 1309
mitosis 0.0016 432 4 482 34
mitosis 0.0015 211 24 264 68
mitosis 0.0015 914 430 1154 563
mitosis 0.0015 550 837 585 869
mitosis 0.0015 762 954 969 1071
mitosis 0.0015 148 57 188 84
mitosis 0.0015 -8 276 107 381
mitosis 0.0015 894 1439 968 1480
mitosis 0.0015 19 1413 145 1483
mitosis 0.0015 2 232 36 260
mitosis 0.0015 48 532 86 568
mitosis 0.0015 637 167 1408 789
mitosis 0.0014 986 712 1044 769
mitosis 0.0014 1053 377 1184 480
mitosis 0.0014 1516 1408 1634 1480
mitosis 0.0014 124 464 236 532
mitosis 0.0014 1212 222 1255 264
mitosis 0.0014 156 185 197 216
mitosis 0.0014 1460 954 1584 1095
mitosis 0.0014 1060 547 1157 622
mitosis 0.0014 710 666 750 700
mitosis 0.0014 1014 447 1074 496
mitosis 0.0014 331 1011 366 1043
mitosis 0.0013 249 393 302 433
mitosis 0.0013 1567 289 1671 390
mitosis 0.0013 57 378 163 448
mitosis 0.0013 190 8 296 77
mitosis 0.0013 878 996 947 1047
mitosis 0.0013 173 1223 257 1293
mitosis 0.0013 0 1047 55 1102
mitosis 0.0013 1313 1126 1370 1179
mitosis 0.0013 1552 364 1666 475
mitosis 0.0013 1184 229 1245 281
mitosis 0.0012 772 931 892 1014
mitosis 0.0012 1493 964 1533 993
mitosis 0.0012 760 937 852 1000
mitosis 0.0012 1330 5 1448 108
mitosis 0.0012 -2 106 47 184
mitosis 0.0012 552 1231 613 1278
mitosis 0.0012 591 1433 665 1484
mitosis 0.0012 1604 0 1650 48
mitosis 0.0012 1208 130 1245 169
mitosis 0.0011 0 -6 53 35
mitosis 0.0011 1001 1395 1051 1433
mitosis 0.0011 503 867 539 900
mitosis 0.0011 736 617 775 652
mitosis 0.0011 169 994 208 1026
mitosis 0.0011 1345 32 1410 84
mitosis 0.0011 -1 1352 23 1393
mitosis 0.0011 1416 575 1523 667
mitosis 0.0011 1011 696 1122 773
mitosis 0.0011 896 997 970 1058
mitosis 0.0011 707 1201 828 1302
mitosis 0.0011 373 45 428 85
mitosis 0.0011 1265 84 1325 159
mitosis 0.0011 -5 184 111 306
mitosis 0.0011 1572 718 1666 804
mitosis 0.0011 262 1138 297 1171
mitosis 0.0011 879 1006 1012 1142
mitosis 0.0011 917 1092 1088 1230
mitosis 0.0011 54 1280 102 1320
mitosis 0.0011 1310 1391 1342 1418
mitosis 0.0010 967 -12 1109 101
mitosis 0.0010 503 757 536 785
mitosis 0.0010 599 998 692 1060
mitosis 0.0010 981 1421 1015 1449
mitosis 0.0010 -9 1043 83 1109
mitosis 0.0010 106 1387 287 1488
mitosis 0.0010 718 649 765 693
mitosis 0.0010 13 1435 109 1482
mitosis 0.0010 1441 1407 1574 1479
mitosis 0.0010 1480 1447 1538 1483
mitosis 0.0010 1185 1404 1227 1444
mitosis 0.0010 1381 629 1533 791
mitosis 0.0010 1494 1354 1605 1438
mitosis 0.0010 1463 1047 1552 1126
mitosis 0.0010 1063 770 1102 804
mitosis 0.0010 536 1208 640 1297
mitosis 0.0010 1569 68 1613 104
mitosis 0.0010 -2 41 59 144
