mitosis 0.5579 1461 13 1518 68
mitosis 0.4320 743 787 818 846
mitosis 0.3746 1589 1415 1634 1454
mitosis 0.3366 1038 248 1116 304
mitosis 0.3348 756 981 813 1036
mitosis 0.3188 25 296 71 335
mitosis 0.1823 1090 1184 1137 1227
mitosis 0.1566 1605 1399 1647 1441
mitosis 0.1286 1544 1368 1587 1409
mitosis 0.1225 266 1100 316 1142
mitosis 0.1185 1624 575 1656 607
mitosis 0.1047 98 -4 154 39
mitosis 0.0708 99 456 128 487
mitosis 0.0519 481 167 525 205
mitosis 0.0512 1059 1178 1122 1230
mitosis 0.0471 67 1438 119 1480
mitosis 0.0374 265 1240 323 1286
mitosis 0.0321 1615 1323 1655 1359
mitosis 0.0315 455 1331 489 1360
mitosis 0.0202 988 141 1034 179
mitosis 0.0201 334 65 391 107
mitosis 0.0195 1057 1187 1099 1228
mitosis 0.0190 1579 1395 1644 1470
mitosis 0.0171 1322 423 1371 459
mitosis 0.0160 20 278 85 348
mitosis 0.0156 379 1451 424 1481
mitosis 0.0132 526 1048 584 1095
mitosis 0.0131 1117 272 1171 315
mitosis 0.0129 510 1117 564 1165
mitosis 0.0125 1552 1380 1596 1414
mitosis 0.0116 340 418 371 450
mitosis 0.0110 1455 826 1511 872
mitosis 0.0102 714 779 845 929
mitosis 0.0101 364 1151 434 1202
mitosis 0.0096 1330 588 1371 624
mitosis 0.0096 1066 1167 1144 1239
mitosis 0.0090 292 1306 341 1350
mitosis 0.0089 259 1086 327 1155
mitosis 0.0088 763 590 814 633
mitosis 0.0080 1033 636 1097 693
mitosis 0.0079 367 511 1203 1172
mitosis 0.0078 1504 398 1540 432
mitosis 0.0076 507 794 539 823
mitosis 0.0073 723 -59 1346 573
mitosis 0.0073 1437 20 1505 70
mitosis 0.0073 1604 1188 1660 1248
mitosis 0.0071 1063 1256 1104 1291
mitosis 0.0070 742 971 803 1027
mitosis 0.0068 393 1151 450 1202
mitosis 0.0064 947 194 1125 345
mitosis 0.0063 828 677 873 723
mitosis 0.0062 1090 1346 1148 1391
mitosis 0.0058 942 235 1118 427
mitosis 0.0058 534 196 575 227
mitosis 0.0056 587 1189 639 1226
mitosis 0.0056 86 -6 171 52
mitosis 0.0055 1389 807 1506 873
mitosis 0.0053 114 153 162 194
mitosis 0.0053 216 972 252 1005
mitosis 0.0052 1543 1374 1604 1425
mitosis 0.0050 518 68 585 116
mitosis 0.0050 1123 482 1159 510
mitosis 0.0048 720 1401 759 1431
mitosis 0.0047 774 1117 809 1147
mitosis 0.0046 0 393 26 428
mitosis 0.0045 91 144 152 197
mitosis 0.0044 289 1148 337 1191
mitosis 0.0044 1356 27 1529 190
mitosis 0.0044 1032 201 1192 340
mitosis 0.0044 725 735 835 853
mitosis 0.0043 518 60 610 132
mitosis 0.0043 1598 1381 1663 1448
mitosis 0.0042 57 1423 125 1489
mitosis 0.0042 309 60 402 136
mitosis 0.0041 1369 -33 1537 122
mitosis 0.0041 299 434 403 510
mitosis 0.0041 349 1294 381 1321
mitosis 0.0041 80 129 173 200
mitosis 0.0041 750 998 810 1051
mitosis 0.0041 1150 -281 1753 344
mitosis 0.0041 1373 806 1431 853
mitosis 0.0040 117 224 159 259
mitosis 0.0039 645 462 690 499
mitosis 0.0035 724 952 841 1071
mitosis 0.0035 252 1103 299 1138
mitosis 0.0035 1565 925 1597 956
mitosis 0.0035 1358 794 1456 862
mitosis 0.0034 175 240 226 296
mitosis 0.0033 1529 187 1564 216
mitosis 0.0033 495 1071 582 1145
mitosis 0.0033 889 419 934 461
mitosis 0.0032 1033 240 1183 426
mitosis 0.0032 484 1103 579 1175
mitosis 0.0031 1449 32 1523 94
mitosis 0.0031 730 988 798 1043
mitosis 0.0030 310 1136 436 1213
mitosis 0.0030 270 1138 332 1185
mitosis 0.0030 544 1178 641 1238
mitosis 0.0029 284 1356 321 1387
mitosis 0.0029 334 424 376 461
mitosis 0.0029 1008 388 1053 428
mitosis 0.0028 943 134 1033 205
mitosis 0.0028 392 744 985 1263
mitosis 0.0028 1596 992 1630 1023
mitosis 0.0028 465 1132 518 1170
mitosis 0.0027 967 129 1057 191
mitosis 0.0026 1449 -22 1605 113
mitosis 0.0026 23 306 68 351
mitosis 0.0026 401 1246 494 1322
mitosis 0.0026 465 746 527 797
mitosis 0.0026 610 1147 647 1174
mitosis 0.0025 260 1222 337 1298
mitosis 0.0025 1066 1435 1104 1466
mitosis 0.0025 558 746 815 847
mitosis 0.0025 754 795 832 868
mitosis 0.0024 382 1197 485 1293
mitosis 0.0024 1471 14 1551 72
mitosis 0.0024 1613 557 1668 628
mitosis 0.0024 1092 1199 1134 1238
mitosis 0.0024 1438 820 1523 880
mitosis 0.0024 530 963 838 1071
mitosis 0.0023 1462 5 1514 47
mitosis 0.0022 1600 1305 1662 1379
mitosis 0.0022 1395 453 1437 489
mitosis 0.0022 516 1054 585 1123
mitosis 0.0022 446 1323 497 1365
mitosis 0.0022 1102 539 1146 576
mitosis 0.0022 949 163 1010 208
mitosis 0.0022 144 228 241 301
mitosis 0.0022 365 1140 479 1209
mitosis 0.0021 694 863 770 929
mitosis 0.0021 1617 1387 1660 1431
mitosis 0.0021 57 1452 108 1481
mitosis 0.0021 555 581 597 611
mitosis 0.0021 385 807 440 844
mitosis 0.0020 830 684 899 737
mitosis 0.0020 1382 163 1432 205
mitosis 0.0020 600 1374 631 1396
mitosis 0.0020 704 1000 856 1149
mitosis 0.0019 318 68 381 124
mitosis 0.0019 542 1180 601 1229
mitosis 0.0019 437 1250 494 1301
mitosis 0.0019 1606 1312 1659 1351
mitosis 0.0018 62 1081 116 1122
mitosis 0.0018 1577 1253 1668 1368
mitosis 0.0018 745 576 831 644
mitosis 0.0018 568 808 804 925
mitosis 0.0017 1475 90 1523 129
mitosis 0.0017 759 990 836 1063
mitosis 0.0017 787 692 870 750
mitosis 0.0017 1293 404 1386 463
mitosis 0.0017 478 150 541 220
mitosis 0.0017 1097 246 1173 339
mitosis 0.0017 1616 1171 1668 1235
mitosis 0.0017 965 154 1064 228
mitosis 0.0017 314 455 390 505
mitosis 0.0017 352 1446 419 1483
mitosis 0.0017 448 740 543 807
mitosis 0.0017 108 -2 202 42
mitosis 0.0017 1111 193 1143 217
mitosis 0.0017 1589 1458 1643 1483
mitosis 0.0017 300 1152 401 1196
mitosis 0.0016 61 0 156 68
mitosis 0.0016 796 456 860 505
mitosis 0.0016 753 762 830 839
mitosis 0.0016 791 440 885 517
mitosis 0.0016 742 712 812 763
mitosis 0.0016 565 458 607 491
mitosis 0.0016 519 1159 634 1228
mitosis 0.0015 318 428 390 488
mitosis 0.0015 475 760 534 809
mitosis 0.0015 400 1118 480 1186
mitosis 0.0015 1042 211 1136 295
mitosis 0.0015 265 701 1295 1441
mitosis 0.0015 1073 414 1117 452
mitosis 0.0015 995 244 1040 278
mitosis 0.0014 1578 1141 1660 1224
mitosis 0.0014 78 -3 136 33
mitosis 0.0014 279 1103 354 1154
mitosis 0.0014 267 1236 404 1332
mitosis 0.0014 743 918 965 1081
mitosis 0.0014 589 1328 622 1357
mitosis 0.0014 947 1100 993 1143
mitosis 0.0014 1271 404 1311 445
mitosis 0.0014 1046 648 1106 702
mitosis 0.0014 1460 31 1588 189
mitosis 0.0014 1573 1426 1631 1474
mitosis 0.0014 32 1373 76 1406
mitosis 0.0013 1260 1374 1310 1419
mitosis 0.0013 384 1228 438 1271
mitosis 0.0013 1070 1335 1160 1412
mitosis 0.0013 1562 1008 1665 1125
mitosis 0.0013 588 827 636 873
mitosis 0.0013 975 416 1017 451
mitosis 0.0013 1354 1451 1406 1485
mitosis 0.0013 238 0 285 22
mitosis 0.0013 66 1405 231 1482
mitosis 0.0012 527 1023 586 1084
mitosis 0.0012 1571 563 1664 626
mitosis 0.0012 1022 635 1118 713
mitosis 0.0012 272 1298 333 1349
mitosis 0.0012 1418 2 1510 58
mitosis 0.0012 771 990 878 1050
mitosis 0.0012 985 374 1083 446
mitosis 0.0012 1560 969 1657 1054
mitosis 0.0011 1375 780 1523 931
mitosis 0.0011 764 741 957 947
mitosis 0.0011 360 782 457 856
mitosis 0.0011 791 681 890 773
mitosis 0.0011 231 1071 328 1143
mitosis 0.0011 773 1253 813 1287
mitosis 0.0011 278 1085 341 1139
mitosis 0.0011 90 445 125 485
mitosis 0.0011 1303 1394 1450 1481
mitosis 0.0011 1618 526 1667 602
mitosis 0.0011 215 447 382 610
mitosis 0.0011 837 1314 872 1345
mitosis 0.0011 1306 576 1397 638
mitosis 0.0011 745 724 844 816
mitosis 0.0011 1044 1170 1185 1290
mitosis 0.0011 1000 1081 1050 1118
mitosis 0.0011 589 13 638 57
mitosis 0.0011 743 1234 874 1348
mitosis 0.0011 -299 263 883 853
mitosis 0.0011 911 1175 1151 1289
mitosis 0.0011 100 330 276 487
mitosis 0.0011 544 513 676 615
mitosis 0.0010 1135 355 1302 485
mitosis 0.0010 54 214 196 308
mitosis 0.0010 598 442 706 511
mitosis 0.0010 728 802 805 865
mitosis 0.0010 1059 253 1141 312
mitosis 0.0010 1023 593 1103 687
mitosis 0.0010 768 628 856 707
mitosis 0.0010 594 1357 627 1388
mitosis 0.0010 1541 435 1679 572
mitosis 0.0010 1031 980 1082 1020
mitosis 0.0010 291 82 372 145
mitosis 0.0010 1529 553 1570 592
mitosis 0.0010 1366 446 1438 484
mitosis 0.0010 688 953 1368 1492
mitosis 0.0010 420 1093 483 1133
mitosis 0.0010 197 249 365 406
mitosis 0.0010 494 153 581 213
mitosis 0.0010 1604 566 1648 605
mitosis 0.0010 515 184 576 227
mitosis 0.0010 1546 639 1675 758
mitosis 0.0010 287 1306 369 1360
mitosis 0.0010 1560 1169 1664 1269
mitosis 0.0010 533 25 631 117
