mitosis 0.6564 332 1135 399 1191
mitosis 0.6230 214 876 286 936
mitosis 0.6174 1169 272 1230 326
mitosis 0.5749 969 1226 1051 1302
mitosis 0.4891 1377 1206 1437 1269
mitosis 0.4411 284 1442 331 1481
mitosis 0.4189 930 333 999 396
mitosis 0.3931 1415 694 1481 755
mitosis 0.1413 1540 1023 1589 1064
mitosis 0.1154 1516 16 1573 64
mitosis 0.1104 709 1349 771 1400
mitosis 0.1020 1013 577 1065 627
mitosis 0.0947 700 1291 752 1334
mitosis 0.0468 1539 626 1580 668
mitosis 0.0438 1287 1445 1331 1483
mitosis 0.0426 1485 174 1530 215
mitosis 0.0406 999 827 1064 887
mitosis 0.0384 319 -4 365 20
mitosis 0.0296 1063 1388 1110 1433
mitosis 0.0284 1479 86 1521 127
mitosis 0.0268 836 1320 891 1371
mitosis 0.0246 953 1216 1106 1391
mitosis 0.0212 278 1427 347 1493
mitosis 0.0195 584 931 1483 1633
mitosis 0.0161 334 266 370 299
mitosis 0.0157 957 1179 1097 1308
mitosis 0.0154 843 1212 1057 1390
mitosis 0.0146 254 242 288 279
mitosis 0.0142 322 855 367 898
mitosis 0.0135 1439 534 1480 577
mitosis 0.0130 122 844 286 1024
mitosis 0.0129 702 1332 783 1411
mitosis 0.0127 1096 0 1150 47
mitosis 0.0127 999 564 1082 634
mitosis 0.0113 1170 267 1254 347
mitosis 0.0112 -173 610 568 1237
mitosis 0.0110 1430 516 1477 571
mitosis 0.0109 1507 -1 1579 81
mitosis 0.0105 296 1443 352 1483
mitosis 0.0103 202 856 357 1013
mitosis 0.0099 1528 1007 1603 1079
mitosis 0.0099 1521 610 1578 663
mitosis 0.0096 1430 979 1472 1022
mitosis 0.0091 524 291 566 336
mitosis 0.0091 1627 263 1659 297
mitosis 0.0090 67 215 108 273
mitosis 0.0088 858 1175 1044 1305
mitosis 0.0085 1136 249 1264 429
mitosis 0.0081 696 1273 764 1345
mitosis 0.0079 965 1245 1066 1323
mitosis 0.0079 929 137 967 176
mitosis 0.0075 690 1307 777 1376
mitosis 0.0074 1423 971 1461 1008
mitosis 0.0071 1389 1199 1464 1273
mitosis 0.0071 16 1431 52 1456
mitosis 0.0071 41 492 89 537
mitosis 0.0069 1358 757 1388 791
mitosis 0.0069 385 1378 426 1413
mitosis 0.0068 1081 0 1171 66
mitosis 0.0065 944 345 1014 409
mitosis 0.0065 589 497 633 536
mitosis 0.0064 460 302 497 335
mitosis 0.0064 575 -9 1329 652
mitosis 0.0063 885 338 1018 489
mitosis 0.0059 264 1431 327 1481
mitosis 0.0056 887 287 1018 410
mitosis 0.0054 252 1108 314 1154
mitosis 0.0054 1443 988 1481 1029
mitosis 0.0052 128 1289 167 1323
mitosis 0.0052 121 806 274 941
mitosis 0.0051 1014 921 1716 1514
mitosis 0.0051 564 1305 604 1339
mitosis 0.0051 832 -83 1567 576
mitosis 0.0051 283 1135 441 1312
mitosis 0.0050 1302 1169 1445 1308
mitosis 0.0047 1281 1201 1448 1394
mitosis 0.0047 1138 210 1260 345
mitosis 0.0046 299 1090 437 1227
mitosis 0.0046 1103 407 1612 999
mitosis 0.0046 898 329 997 416
mitosis 0.0046 1418 494 1469 544
mitosis 0.0044 19 834 721 1434
mitosis 0.0044 1631 313 1663 358
mitosis 0.0043 291 248 361 301
mitosis 0.0042 1478 601 1529 646
mitosis 0.0041 620 323 651 355
mitosis 0.0041 1376 820 1418 868
mitosis 0.0038 1144 274 1216 330
mitosis 0.0037 1375 695 1506 867
mitosis 0.0036 320 1109 408 1186
mitosis 0.0036 816 1310 899 1381
mitosis 0.0036 934 270 1113 407
mitosis 0.0034 1389 656 1501 784
mitosis 0.0034 1625 280 1662 341
mitosis 0.0033 1049 1377 1141 1451
mitosis 0.0033 201 811 351 937
mitosis 0.0033 1360 1173 1450 1268
mitosis 0.0033 1427 678 1485 742
mitosis 0.0032 1194 659 1510 791
mitosis 0.0032 123 1104 430 1224
mitosis 0.0031 1004 400 1891 1134
mitosis 0.0031 1153 229 1231 317
mitosis 0.0030 269 1452 320 1484
mitosis 0.0030 184 886 263 935
mitosis 0.0030 1533 603 1589 679
mitosis 0.0029 1375 1178 1511 1297
mitosis 0.0028 1138 256 1216 313
mitosis 0.0027 959 268 1252 425
mitosis 0.0027 1601 66 1641 109
mitosis 0.0027 240 882 304 933
mitosis 0.0026 1532 1033 1581 1074
mitosis 0.0026 49 477 102 526
mitosis 0.0025 336 989 368 1026
mitosis 0.0025 1369 1219 1508 1377
mitosis 0.0024 1157 283 1241 372
mitosis 0.0024 1276 47 1320 89
mitosis 0.0024 398 594 442 627
mitosis 0.0024 827 1332 880 1383
mitosis 0.0023 1264 1427 1365 1486
mitosis 0.0023 1471 151 1538 233
mitosis 0.0023 163 94 204 134
mitosis 0.0023 461 3 519 47
mitosis 0.0023 971 806 1098 922
mitosis 0.0023 354 1135 422 1188
mitosis 0.0022 995 1238 1069 1302
mitosis 0.0021 1411 376 1473 442
mitosis 0.0021 951 212 1261 344
mitosis 0.0021 328 -4 388 33
mitosis 0.0021 202 890 276 954
mitosis 0.0021 1350 750 1396 796
mitosis 0.0020 637 497 1431 1183
mitosis 0.0020 592 1354 634 1394
mitosis 0.0020 1613 255 1659 305
mitosis 0.0020 1560 33 1652 148
mitosis 0.0019 286 848 383 918
mitosis 0.0019 890 855 931 894
mitosis 0.0018 974 568 1095 704
mitosis 0.0018 684 1333 758 1390
mitosis 0.0018 1634 1275 1664 1313
mitosis 0.0018 211 887 311 991
mitosis 0.0018 10 1421 58 1465
mitosis 0.0018 1521 5 1570 46
mitosis 0.0018 958 835 1107 1012
mitosis 0.0018 1404 1132 1458 1176
mitosis 0.0017 972 831 1049 897
mitosis 0.0017 28 474 113 547
mitosis 0.0017 1549 1453 1602 1485
mitosis 0.0017 1554 633 1650 728
mitosis 0.0017 1606 883 1645 937
mitosis 0.0017 49 1055 88 1090
mitosis 0.0016 1058 1369 1117 1425
mitosis 0.0016 1029 579 1099 634
mitosis 0.0016 1012 587 1081 648
mitosis 0.0016 1594 677 1638 729
mitosis 0.0016 1504 591 1575 681
mitosis 0.0016 1555 1237 1684 1379
mitosis 0.0015 1184 322 1249 380
mitosis 0.0015 328 214 383 281
mitosis 0.0015 479 1313 537 1360
mitosis 0.0015 529 279 571 325
mitosis 0.0015 17 1401 177 1477
mitosis 0.0015 303 1 360 31
mitosis 0.0015 525 1152 571 1192
mitosis 0.0014 406 1261 438 1289
mitosis 0.0014 730 1351 796 1406
mitosis 0.0014 988 776 1060 865
mitosis 0.0014 312 985 373 1030
mitosis 0.0014 1386 1396 1545 1486
mitosis 0.0014 986 851 1065 918
mitosis 0.0014 936 326 1113 485
mitosis 0.0014 614 299 1448 943
mitosis 0.0014 1423 708 1491 770
mitosis 0.0014 722 1364 779 1412
mitosis 0.0014 1544 1167 1683 1313
mitosis 0.0014 231 223 291 278
mitosis 0.0014 298 1117 388 1202
mitosis 0.0014 927 557 977 599
mitosis 0.0013 1255 8 1352 91
mitosis 0.0013 492 1098 533 1139
mitosis 0.0013 1634 1074 1662 1113
mitosis 0.0013 637 1311 777 1444
mitosis 0.0013 110 1233 146 1270
mitosis 0.0013 1430 502 1493 587
mitosis 0.0013 57 202 117 289
mitosis 0.0013 1578 222 1673 337
mitosis 0.0013 440 0 536 59
mitosis 0.0013 1191 242 1352 417
mitosis 0.0013 1489 1399 1622 1486
mitosis 0.0013 1001 727 1183 871
mitosis 0.0013 443 293 495 339
mitosis 0.0013 254 1298 294 1336
mitosis 0.0013 1115 1392 1300 1484
mitosis 0.0012 1552 426 1674 568
mitosis 0.0012 372 1088 1042 1632
mitosis 0.0012 1416 634 1504 753
mitosis 0.0012 465 1299 565 1371
mitosis 0.0012 1290 1427 1341 1481
mitosis 0.0012 57 1188 186 1311
mitosis 0.0012 516 276 575 352
mitosis 0.0012 474 -88 1570 889
mitosis 0.0012 1567 671 1660 788
mitosis 0.0012 1527 -1 1608 50
mitosis 0.0012 1447 608 1522 671
mitosis 0.0012 1560 837 1669 951
mitosis 0.0012 677 1113 710 1141
mitosis 0.0012 688 819 733 859
mitosis 0.0012 1376 130 1447 188
mitosis 0.0012 870 96 982 193
mitosis 0.0012 1366 1186 1427 1254
mitosis 0.0011 217 1421 333 1481
mitosis 0.0011 916 301 994 384
mitosis 0.0011 1431 64 1544 165
mitosis 0.0011 1174 223 1254 308
mitosis 0.0011 284 947 426 1073
mitosis 0.0011 883 390 1048 561
mitosis 0.0011 108 1056 149 1097
mitosis 0.0011 622 -20 771 102
mitosis 0.0011 1608 108 1655 152
mitosis 0.0011 1437 561 1526 639
mitosis 0.0011 1557 99 1661 225
mitosis 0.0011 1298 1454 1353 1487
mitosis 0.0011 1406 962 1504 1033
mitosis 0.0011 1269 4 1334 64
mitosis 0.0011 1413 700 1525 800
mitosis 0.0011 445 1386 624 1489
mitosis 0.0011 744 894 783 928
mitosis 0.0011 1626 1046 1661 1109
mitosis 0.0011 1073 1 1132 47
mitosis 0.0011 565 480 662 554
mitosis 0.0011 456 638 622 779
mitosis 0.0011 1540 1404 1655 1488
mitosis 0.0011 982 1204 1059 1286
mitosis 0.0011 531 1366 697 1475
mitosis 0.0011 604 321 658 366
mitosis 0.0011 1026 561 1088 619
mitosis 0.0010 913 1155 948 1189
mitosis 0.0010 895 859 949 905
mitosis 0.0010 406 1071 443 1103
mitosis 0.0010 1370 1182 1402 1211
mitosis 0.0010 506 261 598 342
mitosis 0.0010 678 1268 746 1331
mitosis 0.0010 316 1275 372 1317
mitosis 0.0010 590 1362 816 1526
mitosis 0.0010 1230 1358 1361 1485
mitosis 0.0010 889 745 1065 879
mitosis 0.0010 1553 1332 1681 1463
mitosis 0.0010 1566 318 1675 465
mitosis 0.0010 1540 1458 1583 1484
mitosis 0.0010 83 1250 195 1342
mitosis 0.0010 1068 899 1097 930
mitosis 0.0010 961 415 1108 589
mitosis 0.0010 1017 535 1202 718
mitosis 0.0010 1549 517 1668 651
mitosis 0.0010 1477 -21 1592 118
mitosis 0.0010 1240 1412 1325 1486
mitosis 0.0010 1113 6 1205 76
mitosis 0.0010 749 899 802 944
mitosis 0.0010 44 1361 79 1393
mitosis 0.0010 330 1143 476 1280
mitosis 0.0010 1465 65 1535 143
mitosis 0.0010 537 562 713 706
mitosis 0.0010 1387 682 1466 770
mitosis 0.0010 553 1270 719 1389
mitosis 0.0010 1120 3 1265 134
mitosis 0.0010 1544 30 1634 100
