mitosis 0.5976 330 1084 394 1142
mitosis 0.5167 722 955 791 1025
mitosis 0.4679 1370 874 1456 951
mitosis 0.4346 625 717 693 772
mitosis 0.4216 1213 314 1270 368
mitosis 0.4216 1119 648 1182 707
mitosis 0.3401 529 625 588 681
mitosis 0.2010 390 1309 460 1381
mitosis 0.1477 630 387 675 429
mitosis 0.0594 871 317 928 362
mitosis 0.0515 1633 536 1663 580
mitosis 0.0394 1166 1110 1209 1160
mitosis 0.0264 159 1290 199 1320
mitosis 0.0250 224 16 264 50
mitosis 0.0240 0 776 36 815
mitosis 0.0223 648 720 711 775
mitosis 0.0191 1019 1067 1065 1108
mitosis 0.0183 1283 851 1459 1016
mitosis 0.0178 986 584 1740 1262
mitosis 0.0156 666 252 711 299
mitosis 0.0137 745 1372 789 1412
mitosis 0.0126 1374 866 1511 999
mitosis 0.0122 1419 1400 1460 1443
mitosis 0.0106 1224 52 1271 94
mitosis 0.0099 1226 311 1297 371
mitosis 0.0098 300 1066 432 1237
mitosis 0.0097 1550 1125 1591 1164
mitosis 0.0096 1479 17 1521 48
mitosis 0.0095 717 943 838 1076
mitosis 0.0091 622 938 784 1082
mitosis 0.0090 322 685 1073 1311
mitosis 0.0088 1630 388 1664 433
mitosis 0.0084 1071 35 1105 68
mitosis 0.0082 537 694 695 871
mitosis 0.0080 1035 26 1088 69
mitosis 0.0078 154 703 206 751
mitosis 0.0076 617 371 682 449
mitosis 0.0073 -56 831 796 1440
mitosis 0.0072 1438 438 1481 491
mitosis 0.0071 319 1070 385 1129
mitosis 0.0068 228 484 1000 1055
mitosis 0.0060 0 1335 30 1366
mitosis 0.0058 1371 807 1508 946
mitosis 0.0058 1286 805 1442 940
mitosis 0.0057 708 892 838 1014
mitosis 0.0056 1054 625 1184 796
mitosis 0.0054 623 701 762 864
mitosis 0.0053 377 1310 510 1447
mitosis 0.0051 1022 27 1068 70
mitosis 0.0051 281 1309 458 1446
mitosis 0.0048 647 113 690 156
mitosis 0.0047 -5 1061 735 1673
mitosis 0.0046 307 1029 425 1154
mitosis 0.0046 872 301 940 375
mitosis 0.0044 719 390 1504 1008
mitosis 0.0042 376 1259 514 1374
mitosis 0.0042 1196 290 1279 366
mitosis 0.0040 319 838 357 877
mitosis 0.0038 666 226 719 285
mitosis 0.0038 1105 741 1151 781
mitosis 0.0036 1452 149 1496 189
mitosis 0.0036 1162 1093 1218 1174
mitosis 0.0036 466 627 598 786
mitosis 0.0035 737 967 810 1041
mitosis 0.0035 635 329 671 369
mitosis 0.0034 128 1089 420 1233
mitosis 0.0033 1629 106 1664 155
mitosis 0.0032 550 670 685 778
mitosis 0.0032 1550 257 1594 299
mitosis 0.0032 1204 329 1269 384
mitosis 0.0032 1187 317 1256 372
mitosis 0.0031 157 0 203 32
mitosis 0.0031 1117 631 1264 783
mitosis 0.0030 1577 -2 1637 32
mitosis 0.0029 1109 321 1290 497
mitosis 0.0029 1135 279 1280 416
mitosis 0.0028 470 1371 534 1426
mitosis 0.0028 631 687 711 770
mitosis 0.0028 728 13 770 49
mitosis 0.0027 1053 591 1184 710
mitosis 0.0026 151 797 189 827
mitosis 0.0026 1044 131 1080 160
mitosis 0.0026 526 633 619 703
mitosis 0.0026 1433 170 1489 222
mitosis 0.0026 133 688 226 773
mitosis 0.0026 845 25 1543 627
mitosis 0.0026 135 1041 413 1149
mitosis 0.0025 480 591 597 699
mitosis 0.0024 1429 194 1480 240
mitosis 0.0024 405 1306 478 1401
mitosis 0.0024 1004 1134 1060 1190
mitosis 0.0023 370 1099 440 1151
mitosis 0.0023 630 667 758 777
mitosis 0.0023 1489 14 1533 44
mitosis 0.0022 716 705 755 750
mitosis 0.0022 463 1365 507 1407
mitosis 0.0022 991 1089 1079 1177
mitosis 0.0022 1571 1232 1660 1339
mitosis 0.0022 1395 313 1438 353
mitosis 0.0022 1073 505 1112 534
mitosis 0.0022 340 1060 403 1132
mitosis 0.0021 1398 1388 1489 1456
mitosis 0.0021 630 319 681 385
mitosis 0.0021 1373 754 1409 787
mitosis 0.0021 923 281 961 319
mitosis 0.0020 602 724 676 776
mitosis 0.0020 824 6 871 43
mitosis 0.0020 1203 29 1294 105
mitosis 0.0020 649 232 731 312
mitosis 0.0019 1406 1394 1534 1477
mitosis 0.0019 604 327 706 445
mitosis 0.0019 613 392 667 443
mitosis 0.0019 532 593 680 690
mitosis 0.0019 990 1123 1072 1204
mitosis 0.0019 1593 1244 1636 1287
mitosis 0.0018 1275 153 1311 191
mitosis 0.0018 1358 884 1446 985
mitosis 0.0018 620 894 773 1006
mitosis 0.0018 1635 514 1666 572
mitosis 0.0017 328 1337 470 1466
mitosis 0.0017 1209 284 1349 405
mitosis 0.0017 52 93 97 138
mitosis 0.0017 157 1244 204 1281
mitosis 0.0017 791 128 836 177
mitosis 0.0016 890 1318 929 1358
mitosis 0.0016 727 1356 811 1435
mitosis 0.0016 1496 389 1530 418
mitosis 0.0016 1465 1017 1520 1065
mitosis 0.0016 698 960 787 1056
mitosis 0.0016 294 1260 451 1370
mitosis 0.0016 1168 1241 1211 1275
mitosis 0.0016 3 754 45 813
mitosis 0.0016 1509 146 1554 183
mitosis 0.0016 59 241 116 297
mitosis 0.0016 176 1372 361 1484
mitosis 0.0015 423 1334 531 1438
mitosis 0.0015 1106 652 1194 738
mitosis 0.0015 612 374 666 427
mitosis 0.0015 500 601 582 677
mitosis 0.0015 298 506 343 550
mitosis 0.0015 46 226 135 313
mitosis 0.0015 501 622 587 711
mitosis 0.0015 609 731 693 808
mitosis 0.0015 134 1256 220 1328
mitosis 0.0015 1433 127 1495 176
mitosis 0.0014 1603 515 1659 570
mitosis 0.0014 1090 625 1172 707
mitosis 0.0014 458 1356 557 1444
mitosis 0.0014 610 406 677 471
mitosis 0.0014 52 242 91 288
mitosis 0.0014 633 661 705 734
mitosis 0.0014 394 284 421 313
mitosis 0.0014 348 1057 533 1226
mitosis 0.0014 1025 1404 1136 1477
mitosis 0.0014 1006 9 1093 81
mitosis 0.0013 672 220 713 265
mitosis 0.0013 1226 291 1276 348
mitosis 0.0013 316 1097 384 1162
mitosis 0.0013 1552 1207 1652 1315
mitosis 0.0013 1509 1192 1551 1245
mitosis 0.0013 1054 25 1104 70
mitosis 0.0013 1203 334 1347 481
mitosis 0.0013 1089 681 1192 787
mitosis 0.0013 487 314 529 352
mitosis 0.0013 631 202 662 231
mitosis 0.0013 1571 48 1665 147
mitosis 0.0013 758 98 860 200
mitosis 0.0013 241 853 277 885
mitosis 0.0013 1009 1049 1079 1122
mitosis 0.0012 1558 1393 1673 1486
mitosis 0.0012 1340 880 1432 946
mitosis 0.0012 987 18 1076 103
mitosis 0.0012 1534 205 1572 247
mitosis 0.0012 1636 359 1665 411
mitosis 0.0012 150 1263 206 1313
mitosis 0.0012 405 273 542 396
mitosis 0.0012 1399 132 1506 212
mitosis 0.0012 1557 1290 1671 1428
mitosis 0.0012 1111 592 1271 704
mitosis 0.0012 710 -5 832 70
mitosis 0.0012 57 554 100 594
mitosis 0.0012 210 20 256 58
mitosis 0.0012 -119 623 992 1667
mitosis 0.0012 1427 616 1463 649
mitosis 0.0012 220 -5 283 65
mitosis 0.0012 1 860 45 931
mitosis 0.0012 568 169 613 208
mitosis 0.0011 1130 1371 1170 1409
mitosis 0.0011 1357 1350 1482 1458
mitosis 0.0011 1486 1175 1613 1278
mitosis 0.0011 1560 1 1650 75
mitosis 0.0011 975 71 1033 123
mitosis 0.0011 377 -17 521 100
mitosis 0.0011 33 338 195 491
mitosis 0.0011 1 526 29 568
mitosis 0.0011 432 923 472 963
mitosis 0.0011 -7 417 106 561
mitosis 0.0011 164 391 257 476
mitosis 0.0011 -7 324 97 459
mitosis 0.0011 46 404 185 559
mitosis 0.0011 1050 1344 1187 1468
mitosis 0.0011 45 1300 83 1331
mitosis 0.0011 188 1306 387 1445
mitosis 0.0011 1213 1406 1364 1484
mitosis 0.0011 274 474 386 570
mitosis 0.0011 1398 1404 1456 1459
mitosis 0.0011 1118 1399 1284 1488
mitosis 0.0011 508 683 619 769
mitosis 0.0011 882 328 948 378
mitosis 0.0010 639 645 706 695
mitosis 0.0010 739 59 853 179
mitosis 0.0010 1624 521 1666 601
mitosis 0.0010 1433 422 1492 501
mitosis 0.0010 184 404 240 462
mitosis 0.0010 686 -4 784 71
mitosis 0.0010 917 292 965 336
mitosis 0.0010 1402 900 1464 950
mitosis 0.0010 109 1383 225 1471
mitosis 0.0010 147 744 196 784
mitosis 0.0010 812 6 855 45
mitosis 0.0010 1043 1417 1104 1470
mitosis 0.0010 674 699 754 765
mitosis 0.0010 5 875 45 913
mitosis 0.0010 473 -16 611 87
