mitosis 0.5643 574 342 650 416
mitosis 0.3391 702 728 773 806
mitosis 0.3295 1545 1301 1614 1359
mitosis 0.2737 778 929 847 996
mitosis 0.0935 101 662 155 713
mitosis 0.0809 1090 1445 1141 1484
mitosis 0.0774 825 1362 875 1418
mitosis 0.0742 510 1435 556 1482
mitosis 0.0696 155 1182 202 1229
mitosis 0.0687 358 38 442 104
mitosis 0.0629 1522 775 1568 815
mitosis 0.0504 919 1392 973 1447
mitosis 0.0288 406 3 460 42
mitosis 0.0199 555 318 680 512
mitosis 0.0193 1624 7 1666 49
mitosis 0.0170 242 930 278 965
mitosis 0.0166 1324 938 1370 982
mitosis 0.0145 170 83 1058 705
mitosis 0.0133 654 1457 693 1485
mitosis 0.0128 210 831 302 930
mitosis 0.0112 578 328 638 390
mitosis 0.0108 427 402 466 451
mitosis 0.0106 758 146 803 188
mitosis 0.0101 1075 502 1122 546
mitosis 0.0098 554 281 678 426
mitosis 0.0090 1478 5 1520 31
mitosis 0.0089 1638 591 1664 635
mitosis 0.0087 400 337 655 500
mitosis 0.0074 498 1390 529 1427
mitosis 0.0073 151 1163 209 1242
mitosis 0.0064 498 1419 568 1493
mitosis 0.0063 1085 1429 1156 1490
mitosis 0.0058 564 339 628 400
mitosis 0.0058 1453 1290 1615 1453
mitosis 0.0057 645 714 767 863
mitosis 0.0056 920 901 993 965
mitosis 0.0055 1278 92 1343 141
mitosis 0.0053 1487 1056 1530 1093
mitosis 0.0053 386 1388 424 1425
mitosis 0.0053 271 434 1118 1108
mitosis 0.0050 1518 1 1567 32
mitosis 0.0049 1359 1348 1411 1396
mitosis 0.0049 1634 126 1662 171
mitosis 0.0048 216 238 257 277
mitosis 0.0047 602 458 654 507
mitosis 0.0046 62 163 106 200
mitosis 0.0046 644 1237 678 1275
mitosis 0.0045 862 1426 904 1469
mitosis 0.0045 0 744 28 781
mitosis 0.0044 910 1345 944 1384
mitosis 0.0044 1176 1060 1887 1668
mitosis 0.0044 729 922 843 1095
mitosis 0.0043 1532 1288 1690 1457
mitosis 0.0042 398 1223 433 1265
mitosis 0.0041 404 286 657 419
mitosis 0.0041 1513 753 1576 832
mitosis 0.0040 600 1458 643 1485
mitosis 0.0040 1527 1243 1691 1377
mitosis 0.0039 91 654 175 721
mitosis 0.0039 1464 1249 1608 1377
mitosis 0.0038 375 9 453 65
mitosis 0.0034 1465 346 1516 389
mitosis 0.0033 706 1302 733 1340
mitosis 0.0033 718 718 833 855
mitosis 0.0032 314 669 1245 1322
mitosis 0.0032 295 38 446 189
mitosis 0.0031 304 1431 347 1468
mitosis 0.0031 933 1390 1081 1480
mitosis 0.0031 1283 661 1376 739
mitosis 0.0030 1064 1441 1125 1482
mitosis 0.0030 1474 0 1543 39
mitosis 0.0028 812 1361 896 1433
mitosis 0.0028 1340 1339 1431 1406
mitosis 0.0028 902 1388 985 1460
mitosis 0.0027 572 370 663 480
mitosis 0.0027 730 1432 775 1475
mitosis 0.0027 398 -6 466 56
mitosis 0.0027 584 356 667 437
mitosis 0.0026 196 1303 236 1352
mitosis 0.0026 912 -4 987 26
mitosis 0.0025 644 664 753 795
mitosis 0.0025 359 1414 394 1455
mitosis 0.0024 956 1118 986 1147
mitosis 0.0024 734 889 839 1003
mitosis 0.0024 -27 -244 754 458
mitosis 0.0024 233 917 285 968
mitosis 0.0024 1307 925 1392 993
mitosis 0.0023 193 71 242 115
mitosis 0.0022 1042 1157 1072 1190
mitosis 0.0022 606 291 776 516
mitosis 0.0022 1327 1353 1448 1437
mitosis 0.0022 601 799 642 844
mitosis 0.0022 760 941 838 1025
mitosis 0.0021 785 919 927 1092
mitosis 0.0021 142 36 277 141
mitosis 0.0020 486 767 536 818
mitosis 0.0020 292 -3 456 115
mitosis 0.0020 124 825 291 927
mitosis 0.0020 707 698 802 804
mitosis 0.0019 -195 403 592 1291
mitosis 0.0019 1511 1192 1545 1223
mitosis 0.0019 611 1448 690 1484
mitosis 0.0019 363 -15 530 123
mitosis 0.0018 144 -131 1211 942
mitosis 0.0018 427 386 480 463
mitosis 0.0018 1389 144 1435 189
mitosis 0.0018 1520 1414 1648 1485
mitosis 0.0017 1632 89 1662 135
mitosis 0.0017 363 22 522 200
mitosis 0.0017 115 866 302 1012
mitosis 0.0017 237 856 322 952
mitosis 0.0016 1533 1313 1591 1360
mitosis 0.0016 1452 1225 1485 1259
mitosis 0.0015 741 123 847 213
mitosis 0.0015 1051 471 1141 557
mitosis 0.0015 1375 1049 1413 1085
mitosis 0.0015 1506 1463 1545 1484
mitosis 0.0015 492 1388 536 1442
mitosis 0.0015 156 195 291 304
mitosis 0.0015 458 231 494 267
mitosis 0.0015 1098 73 1137 103
mitosis 0.0014 0 1298 46 1379
mitosis 0.0014 483 1434 544 1480
mitosis 0.0014 1547 1217 1658 1336
mitosis 0.0014 220 881 294 960
mitosis 0.0014 275 780 306 812
mitosis 0.0014 589 1448 653 1480
mitosis 0.0014 202 863 354 1000
mitosis 0.0014 76 1121 200 1220
mitosis 0.0014 720 930 829 1032
mitosis 0.0014 715 663 832 791
mitosis 0.0013 673 1421 791 1488
mitosis 0.0013 -14 1356 104 1466
mitosis 0.0013 547 323 636 412
mitosis 0.0013 931 0 996 34
mitosis 0.0013 950 785 1119 929
mitosis 0.0013 689 1148 742 1204
mitosis 0.0013 1621 105 1665 170
mitosis 0.0013 1270 627 1354 725
mitosis 0.0012 1604 346 1664 408
mitosis 0.0012 1350 1394 1531 1486
mitosis 0.0012 1638 602 1663 659
mitosis 0.0012 457 10 595 110
mitosis 0.0012 1475 135 1514 170
mitosis 0.0012 775 644 944 795
mitosis 0.0012 584 437 686 526
mitosis 0.0012 1249 1308 1411 1447
mitosis 0.0012 779 804 937 944
mitosis 0.0012 1276 571 1324 610
mitosis 0.0012 1096 1165 1165 1227
mitosis 0.0012 1201 1402 1377 1483
mitosis 0.0011 24 13 380 224
mitosis 0.0011 1587 2 1646 52
mitosis 0.0011 134 1152 196 1223
mitosis 0.0011 1634 139 1665 187
mitosis 0.0011 690 399 870 565
mitosis 0.0011 325 296 355 327
mitosis 0.0011 565 202 610 248
mitosis 0.0011 1102 1307 1278 1468
mitosis 0.0011 1613 908 1657 962
mitosis 0.0011 1257 54 1358 150
mitosis 0.0011 752 1380 887 1482
mitosis 0.0011 905 1354 1037 1467
mitosis 0.0011 490 1406 535 1464
mitosis 0.0011 -6 267 114 391
mitosis 0.0011 792 8 937 142
mitosis 0.0011 38 122 148 211
mitosis 0.0011 550 213 668 383
mitosis 0.0011 890 1343 948 1391
mitosis 0.0011 815 0 945 89
mitosis 0.0011 230 7 384 114
mitosis 0.0011 -2 747 31 821
mitosis 0.0011 1143 378 1223 445
mitosis 0.0011 93 613 210 709
mitosis 0.0010 1536 315 1648 399
mitosis 0.0010 945 718 1109 853
mitosis 0.0010 789 879 925 1002
mitosis 0.0010 1030 1410 1117 1486
mitosis 0.0010 205 34 349 129
mitosis 0.0010 1022 189 1081 240
mitosis 0.0010 950 890 1003 940
mitosis 0.0010 959 888 997 924
mitosis 0.0010 11 77 133 181
mitosis 0.0010 700 329 877 486
mitosis 0.0010 1580 333 1624 368
mitosis 0.0010 1554 510 1671 633
mitosis 0.0010 1626 575 1664 632
mitosis 0.0010 -4 332 109 459
mitosis 0.0010 551 54 665 136
mitosis 0.0010 931 44 998 92
mitosis 0.0010 462 760 556 834
mitosis 0.0010 286 42 335 73
mitosis 0.0010 645 1448 705 1486
mitosis 0.0010 814 1308 911 1417
mitosis 0.0010 523 32 630 126
mitosis 0.0010 587 729 735 838
mitosis 0.0010 389 380 484 470
mitosis 0.0010 366 1196 465 1294
mitosis 0.0010 1039 852 1209 1011
mitosis 0.0010 507 395 656 545
mitosis 0.0010 759 723 933 860
mitosis 0.0010 836 828 873 871
mitosis 0.0010 264 1385 303 1426
