mitosis 0.5652 113 1061 196 1135
mitosis 0.3315 268 348 342 426
mitosis 0.1694 892 646 958 694
mitosis 0.1027 1324 278 1377 332
mitosis 0.0876 439 943 486 990
mitosis 0.0727 1402 1249 1447 1286
mitosis 0.0665 472 532 531 587
mitosis 0.0625 1193 426 1257 489
mitosis 0.0290 -206 723 450 1417
mitosis 0.0271 0 1123 37 1183
mitosis 0.0239 47 1027 196 1154
mitosis 0.0214 30 1059 198 1240
mitosis 0.0214 1122 114 1164 154
mitosis 0.0209 870 1405 936 1449
mitosis 0.0199 1463 925 1496 962
mitosis 0.0190 888 629 972 705
mitosis 0.0180 1228 1145 1273 1186
mitosis 0.0172 120 1033 266 1149
mitosis 0.0153 1385 1252 1443 1296
mitosis 0.0136 1579 380 1613 422
mitosis 0.0120 1167 280 1209 318
mitosis 0.0111 0 1458 34 1488
mitosis 0.0108 924 126 968 168
mitosis 0.0106 1170 1422 1212 1461
mitosis 0.0095 70 533 117 580
mitosis 0.0092 833 796 897 858
mitosis 0.0081 1578 239 1610 274
mitosis 0.0080 1309 262 1391 331
mitosis 0.0080 5 915 49 953
mitosis 0.0079 434 926 499 1002
mitosis 0.0075 1089 314 1119 344
mitosis 0.0075 1189 398 1275 485
mitosis 0.0068 761 677 804 712
mitosis 0.0062 1276 1157 1320 1194
mitosis 0.0060 595 1344 641 1386
mitosis 0.0058 232 351 342 484
mitosis 0.0054 26 404 64 447
mitosis 0.0048 -139 80 713 714
mitosis 0.0047 1334 1292 1373 1325
mitosis 0.0047 662 8 723 80
mitosis 0.0047 811 1376 864 1418
mitosis 0.0046 1368 1261 1417 1297
mitosis 0.0043 280 693 320 737
mitosis 0.0043 815 1437 882 1487
mitosis 0.0043 5 1442 56 1483
mitosis 0.0042 86 40 134 78
mitosis 0.0042 842 1414 930 1468
mitosis 0.0041 111 242 159 286
mitosis 0.0040 955 1324 1010 1368
mitosis 0.0039 1369 1032 1417 1074
mitosis 0.0038 1569 27 1607 57
mitosis 0.0038 1312 82 1355 122
mitosis 0.0038 803 1384 872 1448
mitosis 0.0036 275 339 436 484
mitosis 0.0036 1115 1 1155 31
mitosis 0.0033 1087 1239 1128 1275
mitosis 0.0032 295 347 361 417
mitosis 0.0032 131 1078 258 1228
mitosis 0.0031 1361 1243 1448 1311
mitosis 0.0031 1562 330 1590 363
mitosis 0.0030 942 59 992 109
mitosis 0.0030 1261 1462 1308 1482
mitosis 0.0030 1258 1154 1309 1194
mitosis 0.0030 966 1286 1001 1318
mitosis 0.0030 441 1382 479 1425
mitosis 0.0029 1 352 34 394
mitosis 0.0029 1 354 48 425
mitosis 0.0029 859 1393 951 1461
mitosis 0.0029 766 1247 794 1277
mitosis 0.0028 508 1410 543 1440
mitosis 0.0028 238 340 329 435
mitosis 0.0027 225 305 343 410
mitosis 0.0026 932 1305 1021 1375
mitosis 0.0026 280 373 347 437
mitosis 0.0025 1390 1230 1463 1302
mitosis 0.0025 15 385 66 449
mitosis 0.0024 464 506 547 597
mitosis 0.0024 797 1414 904 1480
mitosis 0.0023 -1 860 93 954
mitosis 0.0023 407 19 450 59
mitosis 0.0022 216 1005 247 1040
mitosis 0.0022 387 336 425 376
mitosis 0.0022 -327 698 717 1578
mitosis 0.0021 1635 95 1662 138
mitosis 0.0021 1084 76 1125 112
mitosis 0.0021 883 648 1009 776
mitosis 0.0020 99 1021 199 1125
mitosis 0.0020 965 664 1003 703
mitosis 0.0019 1149 419 1261 563
mitosis 0.0018 1214 426 1277 484
mitosis 0.0018 1103 98 1197 162
mitosis 0.0017 1276 1058 1314 1096
mitosis 0.0017 1181 440 1238 491
mitosis 0.0017 1576 766 1662 861
mitosis 0.0017 882 1464 920 1485
mitosis 0.0017 177 534 225 581
mitosis 0.0017 448 1259 489 1292
mitosis 0.0017 884 661 942 711
mitosis 0.0017 111 1432 156 1478
mitosis 0.0016 550 616 589 653
mitosis 0.0016 912 94 996 164
mitosis 0.0016 1144 1202 1191 1247
mitosis 0.0016 1131 113 1187 155
mitosis 0.0016 1141 290 1202 338
mitosis 0.0016 1613 154 1653 192
mitosis 0.0016 55 513 164 601
mitosis 0.0016 673 969 719 1021
mitosis 0.0016 1552 653 1671 802
mitosis 0.0015 1633 652 1660 691
mitosis 0.0015 894 793 931 827
mitosis 0.0015 1223 1129 1284 1198
mitosis 0.0015 735 177 1653 765
mitosis 0.0015 0 1073 41 1165
mitosis 0.0015 1165 293 1207 333
mitosis 0.0015 1101 96 1160 152
mitosis 0.0015 1112 568 1143 602
mitosis 0.0014 899 600 969 683
mitosis 0.0014 141 518 240 604
mitosis 0.0014 1233 1152 1291 1195
mitosis 0.0014 115 1449 156 1486
mitosis 0.0014 -10 1092 95 1192
mitosis 0.0014 886 604 1009 698
mitosis 0.0014 89 223 183 303
mitosis 0.0014 1470 924 1509 956
mitosis 0.0014 533 337 1353 1042
mitosis 0.0014 1148 1413 1251 1473
mitosis 0.0014 709 1183 739 1209
mitosis 0.0014 517 990 720 1170
mitosis 0.0014 1615 789 1653 833
mitosis 0.0014 379 8 475 98
mitosis 0.0013 1028 1300 1086 1348
mitosis 0.0013 904 652 974 716
mitosis 0.0013 84 1407 197 1485
mitosis 0.0013 1085 1089 1125 1125
mitosis 0.0013 1134 1184 1191 1235
mitosis 0.0013 10 1044 150 1165
mitosis 0.0013 1256 24 1291 57
mitosis 0.0013 1550 142 1651 270
mitosis 0.0013 68 12 164 94
mitosis 0.0013 788 593 952 708
mitosis 0.0013 1545 578 1664 701
mitosis 0.0013 27 1440 69 1484
mitosis 0.0013 791 964 819 996
mitosis 0.0013 715 985 753 1022
mitosis 0.0013 502 149 541 182
mitosis 0.0013 529 403 698 589
mitosis 0.0013 791 651 946 781
mitosis 0.0013 78 1082 164 1162
mitosis 0.0012 1164 1434 1211 1470
mitosis 0.0012 1240 151 1278 190
mitosis 0.0012 1579 1094 1620 1130
mitosis 0.0012 875 1356 978 1434
mitosis 0.0012 108 1047 176 1117
mitosis 0.0012 1283 972 1324 1003
mitosis 0.0012 1564 231 1612 269
mitosis 0.0012 0 934 41 1003
mitosis 0.0012 1565 1044 1608 1081
mitosis 0.0012 1636 570 1663 617
mitosis 0.0012 1146 377 1262 486
mitosis 0.0012 2 674 1251 1466
mitosis 0.0012 720 97 848 224
mitosis 0.0012 1527 300 1560 331
mitosis 0.0011 1544 11 1638 95
mitosis 0.0011 846 736 971 843
mitosis 0.0011 929 653 991 702
mitosis 0.0011 118 393 173 446
mitosis 0.0011 451 302 485 332
mitosis 0.0011 1528 200 1645 310
mitosis 0.0011 357 176 397 225
mitosis 0.0011 385 1241 515 1361
mitosis 0.0011 600 892 628 930
mitosis 0.0011 236 546 270 581
mitosis 0.0011 1094 1216 1167 1273
mitosis 0.0011 324 1195 404 1282
mitosis 0.0011 1342 1279 1399 1322
mitosis 0.0011 -7 900 86 1000
mitosis 0.0011 923 38 1017 132
mitosis 0.0011 1163 548 1192 579
mitosis 0.0011 1 351 88 450
mitosis 0.0011 1290 22 1403 141
mitosis 0.0011 385 84 425 130
mitosis 0.0011 531 621 701 768
mitosis 0.0011 132 1067 230 1141
mitosis 0.0011 806 336 956 502
mitosis 0.0011 1597 776 1653 840
mitosis 0.0010 1200 420 1345 551
mitosis 0.0010 276 314 393 431
mitosis 0.0010 669 -5 795 92
mitosis 0.0010 982 1294 1069 1358
mitosis 0.0010 847 103 881 135
mitosis 0.0010 798 764 912 858
mitosis 0.0010 389 930 493 1025
mitosis 0.0010 922 1282 999 1344
mitosis 0.0010 94 -4 237 94
mitosis 0.0010 1553 40 1651 151
mitosis 0.0010 875 1450 926 1487
mitosis 0.0010 354 913 883 1247
mitosis 0.0010 1629 580 1664 655
mitosis 0.0010 1263 547 1302 588
mitosis 0.0010 715 40 840 178
mitosis 0.0010 572 1321 668 1409
mitosis 0.0010 392 927 520 1080
mitosis 0.0010 1114 1165 1165 1215
mitosis 0.0010 702 843 877 1008
mitosis 0.0010 1241 1462 1291 1485
mitosis 0.0010 440 1075 618 1241
mitosis 0.0010 1482 637 1647 788
mitosis 0.0010 78 19 142 80
mitosis 0.0010 811 803 880 867
mitosis 0.0010 1335 210 1494 322
mitosis 0.0010 21 360 148 451
mitosis 0.0010 386 66 435 117
