mitosis 0.5777 186 288 252 342
mitosis 0.5130 1305 596 1374 663
mitosis 0.2591 649 679 701 732
mitosis 0.2382 1022 160 1090 223
mitosis 0.1644 196 844 235 881
mitosis 0.0635 746 9 808 64
mitosis 0.0486 1190 1010 1237 1054
mitosis 0.0413 177 1407 214 1440
mitosis 0.0348 1014 16 1081 77
mitosis 0.0295 1352 180 1392 216
mitosis 0.0256 634 891 664 923
mitosis 0.0189 133 1392 166 1423
mitosis 0.0182 1551 406 1618 482
mitosis 0.0163 1186 115 1252 172
mitosis 0.0130 67 1343 102 1373
mitosis 0.0118 1004 68 1099 209
mitosis 0.0116 1295 1443 1349 1481
mitosis 0.0115 318 124 363 159
mitosis 0.0113 52 80 93 116
mitosis 0.0110 634 673 722 739
mitosis 0.0094 85 56 123 104
mitosis 0.0093 130 1052 162 1077
mitosis 0.0091 61 62 120 114
mitosis 0.0083 249 707 295 744
mitosis 0.0079 -1 1202 21 1242
mitosis 0.0079 819 1452 854 1479
mitosis 0.0073 616 884 660 921
mitosis 0.0071 1095 746 1129 779
mitosis 0.0067 1631 232 1661 266
mitosis 0.0064 985 152 1078 222
mitosis 0.0064 153 280 246 348
mitosis 0.0061 918 292 1642 963
mitosis 0.0060 971 126 1103 264
mitosis 0.0059 313 315 371 380
mitosis 0.0058 1199 572 1381 708
mitosis 0.0058 700 -125 1367 474
mitosis 0.0056 144 272 265 410
mitosis 0.0055 1297 1117 1329 1146
mitosis 0.0054 689 991 784 1059
mitosis 0.0054 947 157 1114 352
mitosis 0.0052 658 523 700 558
mitosis 0.0052 71 551 114 585
mitosis 0.0051 1138 1364 1188 1406
mitosis 0.0050 564 653 619 697
mitosis 0.0047 -181 31 590 612
mitosis 0.0041 1307 583 1423 696
mitosis 0.0040 261 901 299 934
mitosis 0.0038 132 218 266 341
mitosis 0.0037 197 260 357 406
mitosis 0.0037 1202 1014 1299 1092
mitosis 0.0034 381 1383 412 1415
mitosis 0.0033 1022 120 1195 259
mitosis 0.0033 -5 803 33 847
mitosis 0.0032 96 11 156 72
mitosis 0.0030 292 302 391 385
mitosis 0.0029 180 827 244 898
mitosis 0.0029 907 561 942 595
mitosis 0.0028 1562 1270 1619 1322
mitosis 0.0028 1244 1045 1299 1104
mitosis 0.0027 1209 1403 1260 1456
mitosis 0.0027 797 538 844 586
mitosis 0.0026 1177 1005 1270 1070
mitosis 0.0026 1404 280 1455 318
mitosis 0.0026 196 300 266 359
mitosis 0.0026 1033 1248 1090 1292
mitosis 0.0025 1314 608 1394 688
mitosis 0.0025 1477 1463 1518 1483
mitosis 0.0024 357 701 400 736
mitosis 0.0022 1638 1458 1665 1485
mitosis 0.0022 1107 1365 1155 1408
mitosis 0.0022 646 336 684 376
mitosis 0.0022 604 670 705 756
mitosis 0.0022 199 271 258 332
mitosis 0.0022 542 1404 580 1437
mitosis 0.0022 625 896 671 931
mitosis 0.0022 -5 1178 28 1236
mitosis 0.0022 1276 1420 1389 1481
mitosis 0.0021 603 883 644 918
mitosis 0.0021 1293 620 1429 784
mitosis 0.0021 471 1036 517 1072
mitosis 0.0021 1552 1193 1608 1241
mitosis 0.0021 31 956 72 994
mitosis 0.0020 699 19 859 192
mitosis 0.0020 462 1093 514 1138
mitosis 0.0019 0 615 19 644
mitosis 0.0019 1491 184 1527 216
mitosis 0.0018 1385 1425 1421 1453
mitosis 0.0018 1301 521 1417 635
mitosis 0.0018 1186 78 1270 170
mitosis 0.0018 963 -20 1123 112
mitosis 0.0018 1558 18 1648 108
mitosis 0.0018 1122 107 1280 261
mitosis 0.0018 75 15 166 90
mitosis 0.0018 1039 538 1079 582
mitosis 0.0017 0 833 29 868
mitosis 0.0017 138 409 178 440
mitosis 0.0017 588 870 681 940
mitosis 0.0016 1238 1047 1324 1132
mitosis 0.0016 0 811 27 861
mitosis 0.0016 1615 1 1653 25
mitosis 0.0016 1632 0 1664 22
mitosis 0.0016 1507 315 1540 345
mitosis 0.0016 725 1193 777 1247
mitosis 0.0016 48 29 149 105
mitosis 0.0015 417 884 466 921
mitosis 0.0015 709 -17 864 108
mitosis 0.0015 1641 479 1666 527
mitosis 0.0015 1118 1366 1225 1435
mitosis 0.0015 650 1168 772 1259
mitosis 0.0015 534 271 582 322
mitosis 0.0015 545 642 647 715
mitosis 0.0015 949 23 1124 230
mitosis 0.0015 1606 -1 1661 19
mitosis 0.0015 59 44 134 128
mitosis 0.0014 152 530 195 564
mitosis 0.0014 626 1193 685 1244
mitosis 0.0014 -11 800 100 914
mitosis 0.0014 1416 973 1455 1014
mitosis 0.0014 1534 1197 1642 1281
mitosis 0.0014 12 1155 120 1249
mitosis 0.0014 1288 1453 1336 1486
mitosis 0.0014 232 -311 1326 520
mitosis 0.0014 1281 1322 1437 1455
mitosis 0.0014 999 1282 1032 1310
mitosis 0.0014 415 -257 975 335
mitosis 0.0014 515 656 724 778
mitosis 0.0013 1383 1434 1424 1463
mitosis 0.0013 855 1041 1900 1679
mitosis 0.0013 181 1413 224 1447
mitosis 0.0013 1113 -7 1274 116
mitosis 0.0013 811 1436 872 1481
mitosis 0.0013 1559 211 1663 333
mitosis 0.0013 1019 151 1119 251
mitosis 0.0013 1125 68 1290 172
mitosis 0.0013 1556 293 1664 429
mitosis 0.0012 759 355 790 384
mitosis 0.0012 1080 729 1133 777
mitosis 0.0012 629 572 691 618
mitosis 0.0012 505 0 884 110
mitosis 0.0012 281 406 953 999
mitosis 0.0012 1552 1277 1658 1370
mitosis 0.0012 1212 1396 1350 1477
mitosis 0.0012 224 693 328 769
mitosis 0.0012 1299 556 1392 656
mitosis 0.0012 624 705 776 846
mitosis 0.0012 1544 1248 1645 1333
mitosis 0.0012 538 942 724 1092
mitosis 0.0012 -11 645 111 778
mitosis 0.0012 1164 1383 1280 1467
mitosis 0.0012 120 1046 167 1090
mitosis 0.0012 1102 883 1154 922
mitosis 0.0011 900 1 1064 170
mitosis 0.0011 886 -373 1660 592
mitosis 0.0011 773 1091 948 1230
mitosis 0.0011 806 1149 840 1181
mitosis 0.0011 -8 758 95 862
mitosis 0.0011 1 807 49 861
mitosis 0.0011 182 850 231 892
mitosis 0.0011 131 469 170 502
mitosis 0.0011 1356 1399 1518 1482
mitosis 0.0011 1549 1395 1674 1486
mitosis 0.0011 882 1246 931 1292
mitosis 0.0011 163 299 255 380
mitosis 0.0011 650 638 711 725
mitosis 0.0011 778 999 968 1171
mitosis 0.0011 1543 737 1670 846
mitosis 0.0011 289 804 460 937
mitosis 0.0011 754 137 1130 265
mitosis 0.0011 1208 -7 1354 112
mitosis 0.0011 453 -13 615 96
mitosis 0.0011 1558 357 1657 456
mitosis 0.0011 597 828 738 944
mitosis 0.0011 1009 -44 1219 113
mitosis 0.0011 1015 1227 1116 1309
mitosis 0.0011 2 912 103 1009
mitosis 0.0011 461 1267 513 1312
mitosis 0.0011 765 543 878 639
mitosis 0.0011 1620 1460 1661 1484
mitosis 0.0011 218 873 328 959
mitosis 0.0011 653 690 721 759
mitosis 0.0011 695 1172 801 1262
mitosis 0.0010 1177 49 1371 173
mitosis 0.0010 1024 3 1096 65
mitosis 0.0010 1547 794 1666 907
mitosis 0.0010 1193 990 1243 1043
mitosis 0.0010 850 625 899 672
mitosis 0.0010 1063 994 1246 1139
mitosis 0.0010 1276 1395 1315 1429
mitosis 0.0010 855 596 914 657
mitosis 0.0010 1491 1462 1539 1484
mitosis 0.0010 633 668 773 761
mitosis 0.0010 777 918 966 1093
mitosis 0.0010 577 1136 714 1253
mitosis 0.0010 636 886 682 921
mitosis 0.0010 -45 297 261 408
mitosis 0.0010 1325 141 1430 214
mitosis 0.0010 -6 1196 40 1250
mitosis 0.0010 1102 1353 1195 1421
mitosis 0.0010 545 -14 700 86
mitosis 0.0010 650 1332 704 1375
mitosis 0.0010 759 1415 885 1482
mitosis 0.0010 278 949 318 987
mitosis 0.0010 292 94 396 168
