mitosis 0.5439 229 716 279 765
mitosis 0.5409 1321 818 1366 858
mitosis 0.3955 400 157 442 197
mitosis 0.3720 1377 320 1417 358
mitosis 0.3087 252 1330 306 1376
mitosis 0.1955 785 314 826 354
mitosis 0.1799 1000 516 1040 551
mitosis 0.1255 1408 1138 1454 1178
mitosis 0.0740 652 191 699 237
mitosis 0.0694 1138 1104 1179 1142
mitosis 0.0578 248 12 290 53
mitosis 0.0515 1577 831 1624 869
mitosis 0.0447 335 1163 375 1202
mitosis 0.0426 771 1443 810 1474
mitosis 0.0389 1631 463 1664 515
mitosis 0.0383 1310 1351 1349 1384
mitosis 0.0332 80 525 129 569
mitosis 0.0286 216 703 283 779
mitosis 0.0281 139 550 176 588
mitosis 0.0254 248 932 299 977
mitosis 0.0240 1492 302 1537 337
mitosis 0.0240 1313 800 1378 871
mitosis 0.0227 345 557 378 593
mitosis 0.0208 573 1167 656 1223
mitosis 0.0195 1637 1364 1664 1396
mitosis 0.0154 613 31 659 77
mitosis 0.0153 393 142 452 212
mitosis 0.0143 561 1171 615 1218
mitosis 0.0139 712 105 749 134
mitosis 0.0128 1368 304 1427 373
mitosis 0.0122 778 295 832 369
mitosis 0.0120 991 1429 1025 1458
mitosis 0.0120 293 375 337 412
mitosis 0.0117 1501 111 1552 149
mitosis 0.0112 238 1317 316 1383
mitosis 0.0106 1189 1267 1228 1308
mitosis 0.0104 1232 177 1273 212
mitosis 0.0100 563 670 602 709
mitosis 0.0094 1390 740 1429 772
mitosis 0.0093 1404 1122 1465 1191
mitosis 0.0087 324 552 366 588
mitosis 0.0085 759 1433 817 1477
mitosis 0.0075 1570 802 1617 846
mitosis 0.0068 433 3 478 44
mitosis 0.0063 987 501 1054 568
mitosis 0.0058 112 136 169 179
mitosis 0.0058 409 714 458 753
mitosis 0.0058 240 712 304 758
mitosis 0.0056 677 46 713 74
mitosis 0.0054 643 174 713 248
mitosis 0.0052 1637 1135 1663 1171
mitosis 0.0051 601 1177 663 1226
mitosis 0.0046 246 -3 299 65
mitosis 0.0046 856 1100 901 1134
mitosis 0.0045 835 785 876 817
mitosis 0.0044 393 133 442 188
mitosis 0.0044 1031 648 1080 692
mitosis 0.0043 297 550 345 584
mitosis 0.0042 731 1415 825 1479
mitosis 0.0041 1245 176 1284 208
mitosis 0.0037 64 522 154 582
mitosis 0.0036 94 121 190 185
mitosis 0.0036 233 925 324 991
mitosis 0.0036 723 105 758 137
mitosis 0.0035 330 1144 393 1220
mitosis 0.0033 1554 1389 1592 1420
mitosis 0.0033 1415 201 1458 242
mitosis 0.0032 1477 305 1535 350
mitosis 0.0032 1133 1088 1195 1156
mitosis 0.0031 371 1265 401 1291
mitosis 0.0031 1363 308 1412 353
mitosis 0.0030 1544 1081 1591 1125
mitosis 0.0029 696 1108 754 1149
mitosis 0.0029 1460 866 1496 895
mitosis 0.0029 1638 756 1663 802
mitosis 0.0028 1009 638 1107 712
mitosis 0.0028 1569 815 1634 885
mitosis 0.0027 568 80 601 109
mitosis 0.0026 406 153 473 193
mitosis 0.0025 1450 323 1493 364
mitosis 0.0025 225 728 278 786
mitosis 0.0025 1574 500 1660 601
mitosis 0.0024 1091 1001 1140 1042
mitosis 0.0024 262 5 312 44
mitosis 0.0024 1404 1148 1458 1198
mitosis 0.0023 1634 1370 1663 1412
mitosis 0.0023 1485 96 1574 159
mitosis 0.0023 900 1159 950 1198
mitosis 0.0023 233 693 288 750
mitosis 0.0023 390 120 433 156
mitosis 0.0023 1388 1142 1444 1186
mitosis 0.0022 1321 1350 1366 1383
mitosis 0.0022 322 1170 373 1215
mitosis 0.0022 1571 795 1611 827
mitosis 0.0022 1368 328 1411 368
mitosis 0.0021 361 127 458 204
mitosis 0.0021 600 21 665 90
mitosis 0.0021 642 359 692 394
mitosis 0.0021 1348 721 1437 793
mitosis 0.0021 130 719 266 849
mitosis 0.0020 270 -3 409 65
mitosis 0.0020 552 1164 691 1300
mitosis 0.0020 1610 470 1662 527
mitosis 0.0020 1460 501 1507 548
mitosis 0.0020 982 89 1031 142
mitosis 0.0020 683 1097 769 1168
mitosis 0.0020 386 699 483 765
mitosis 0.0019 1300 799 1359 855
mitosis 0.0019 -101 367 505 1031
mitosis 0.0019 782 278 833 345
mitosis 0.0019 1339 1124 1441 1206
mitosis 0.0019 217 717 339 847
mitosis 0.0019 1582 541 1623 580
mitosis 0.0019 415 0 502 62
mitosis 0.0019 1006 519 1061 561
mitosis 0.0019 135 665 274 778
mitosis 0.0018 116 1379 156 1412
mitosis 0.0018 1573 531 1659 643
mitosis 0.0018 215 659 347 779
mitosis 0.0017 1381 310 1437 352
mitosis 0.0017 268 542 334 589
mitosis 0.0017 550 658 599 704
mitosis 0.0017 592 1124 719 1214
mitosis 0.0017 1521 1385 1637 1466
mitosis 0.0016 968 476 1065 566
mitosis 0.0015 453 1331 498 1374
mitosis 0.0015 359 1260 407 1300
mitosis 0.0015 403 164 464 207
mitosis 0.0015 1623 446 1667 526
mitosis 0.0015 116 719 153 750
mitosis 0.0015 133 160 201 227
mitosis 0.0015 1021 724 1060 764
mitosis 0.0015 943 1465 984 1485
mitosis 0.0015 1035 655 1102 706
mitosis 0.0015 1220 161 1300 232
mitosis 0.0015 1566 629 1677 777
mitosis 0.0015 1367 736 1416 775
mitosis 0.0015 1052 163 1099 202
mitosis 0.0014 901 59 939 87
mitosis 0.0014 279 539 376 602
mitosis 0.0014 273 348 366 429
mitosis 0.0014 1317 344 1346 371
mitosis 0.0014 530 651 626 723
mitosis 0.0014 1171 1247 1261 1326
mitosis 0.0014 1302 1326 1374 1399
mitosis 0.0014 13 692 46 722
mitosis 0.0014 794 317 856 360
mitosis 0.0013 -2 0 29 22
mitosis 0.0013 149 184 204 230
mitosis 0.0013 874 571 926 614
mitosis 0.0013 90 530 183 596
mitosis 0.0013 350 152 447 242
mitosis 0.0013 332 1131 380 1198
mitosis 0.0013 607 1169 697 1230
mitosis 0.0012 143 811 282 931
mitosis 0.0012 137 859 1098 1569
mitosis 0.0012 1187 1251 1244 1299
mitosis 0.0012 852 154 897 196
mitosis 0.0012 1061 976 1154 1057
mitosis 0.0012 121 556 254 663
mitosis 0.0012 406 1 460 40
mitosis 0.0012 386 151 474 235
mitosis 0.0012 799 355 933 472
mitosis 0.0012 539 1030 698 1190
mitosis 0.0012 1354 282 1444 364
mitosis 0.0012 1160 1100 1201 1138
mitosis 0.0011 1328 826 1374 872
mitosis 0.0011 1357 703 1464 778
mitosis 0.0011 343 538 380 586
mitosis 0.0011 113 107 158 142
mitosis 0.0011 1362 257 1424 334
mitosis 0.0011 1595 520 1643 556
mitosis 0.0011 599 1424 661 1476
mitosis 0.0011 229 14 328 102
mitosis 0.0011 780 322 825 373
mitosis 0.0011 1334 821 1397 861
mitosis 0.0011 766 1061 808 1100
mitosis 0.0011 1353 744 1427 805
mitosis 0.0011 1642 878 1662 918
mitosis 0.0011 1479 17 1604 146
mitosis 0.0011 1525 111 1671 252
mitosis 0.0011 1065 1466 1111 1485
mitosis 0.0011 763 1328 930 1459
mitosis 0.0010 1541 1382 1593 1431
mitosis 0.0010 1215 1160 1260 1191
mitosis 0.0010 627 37 705 81
mitosis 0.0010 -9 -10 93 75
mitosis 0.0010 811 772 875 821
mitosis 0.0010 208 814 339 950
mitosis 0.0010 -4 1060 116 1224
mitosis 0.0010 859 424 914 468
mitosis 0.0010 1029 333 1197 497
mitosis 0.0010 602 1187 679 1242
mitosis 0.0010 1098 1070 1201 1150
mitosis 0.0010 186 866 234 904
mitosis 0.0010 1132 1224 1173 1250
mitosis 0.0010 1558 943 1674 1080
mitosis 0.0010 659 206 708 241
mitosis 0.0010 1106 1462 1153 1484
mitosis 0.0010 1390 -14 1524 95
mitosis 0.0010 463 946 496 975
mitosis 0.0010 1322 1260 1366 1291
mitosis 0.0010 1569 266 1606 297
mitosis 0.0010 1374 1160 1409 1192
mitosis 0.0010 640 1341 789 1473
mitosis 0.0010 1483 287 1544 364
mitosis 0.0010 774 1443 871 1480
mitosis 0.0010 1002 523 1073 582
mitosis 0.0010 829 1102 964 1203
