mitosis 0.6109 721 484 796 552
mitosis 0.5558 140 938 206 992
mitosis 0.2054 1536 466 1578 512
mitosis 0.0910 316 1344 396 1412
mitosis 0.0623 1166 140 1213 181
mitosis 0.0226 448 14 504 65
mitosis 0.0225 495 51 552 105
mitosis 0.0204 276 697 323 737
mitosis 0.0198 705 474 852 648
mitosis 0.0169 1154 1038 1196 1073
mitosis 0.0161 150 930 234 986
mitosis 0.0154 -3 1234 35 1269
mitosis 0.0151 1269 1224 1312 1263
mitosis 0.0150 361 205 1202 876
mitosis 0.0129 780 42 814 75
mitosis 0.0129 878 1430 932 1472
mitosis 0.0127 1621 981 1655 1026
mitosis 0.0124 713 437 848 562
mitosis 0.0123 609 468 788 647
mitosis 0.0111 706 475 780 539
mitosis 0.0109 1439 304 1471 355
mitosis 0.0098 1535 448 1588 524
mitosis 0.0095 616 431 787 561
mitosis 0.0094 263 132 304 169
mitosis 0.0094 935 279 973 317
mitosis 0.0088 794 1456 833 1484
mitosis 0.0087 718 54 756 86
mitosis 0.0076 445 1349 493 1392
mitosis 0.0067 686 1357 726 1397
mitosis 0.0066 1585 1349 1622 1403
mitosis 0.0064 -4 864 21 900
mitosis 0.0063 126 933 259 1081
mitosis 0.0062 25 1 61 27
mitosis 0.0060 1008 276 1050 325
mitosis 0.0052 1371 244 1400 275
mitosis 0.0052 2 886 44 933
mitosis 0.0051 1160 120 1226 196
mitosis 0.0051 89 16 146 75
mitosis 0.0046 -230 638 627 1335
mitosis 0.0045 419 396 504 466
mitosis 0.0044 427 943 466 976
mitosis 0.0044 671 0 731 41
mitosis 0.0041 19 -4 66 36
mitosis 0.0041 756 482 818 534
mitosis 0.0041 304 772 350 812
mitosis 0.0039 31 941 192 1072
mitosis 0.0037 653 1356 700 1397
mitosis 0.0035 137 892 255 1002
mitosis 0.0035 323 441 372 484
mitosis 0.0034 -23 1020 577 1711
mitosis 0.0032 243 1275 277 1304
mitosis 0.0032 734 500 805 568
mitosis 0.0032 460 18 542 91
mitosis 0.0031 780 477 818 514
mitosis 0.0030 293 1335 437 1437
mitosis 0.0030 -1 867 29 920
mitosis 0.0029 672 -1 722 23
mitosis 0.0029 133 1342 433 1440
mitosis 0.0029 284 1361 454 1530
mitosis 0.0029 599 383 645 423
mitosis 0.0028 888 126 934 173
mitosis 0.0026 -3 1400 49 1467
mitosis 0.0025 1582 1242 1620 1292
mitosis 0.0025 26 972 77 1023
mitosis 0.0025 1020 1095 1061 1133
mitosis 0.0025 739 1090 784 1136
mitosis 0.0024 149 951 225 1013
mitosis 0.0024 38 568 86 612
mitosis 0.0023 0 1209 33 1266
mitosis 0.0023 39 891 193 999
mitosis 0.0023 1234 375 1290 428
mitosis 0.0021 1593 264 1626 301
mitosis 0.0021 75 6 160 89
mitosis 0.0021 768 45 813 88
mitosis 0.0020 860 1418 951 1481
mitosis 0.0019 697 499 783 572
mitosis 0.0019 98 1431 141 1467
mitosis 0.0018 1529 592 1569 638
mitosis 0.0018 133 -6 276 86
mitosis 0.0018 1075 1407 1137 1461
mitosis 0.0018 281 1263 431 1381
mitosis 0.0018 1606 878 1649 927
mitosis 0.0018 1429 285 1484 372
mitosis 0.0018 195 891 260 949
mitosis 0.0017 318 1310 393 1388
mitosis 0.0017 1599 211 1641 265
mitosis 0.0017 -2 1399 98 1472
mitosis 0.0017 1220 363 1310 439
mitosis 0.0017 1612 958 1658 1027
mitosis 0.0017 1212 1123 1249 1155
mitosis 0.0017 1268 1205 1329 1279
mitosis 0.0016 1399 1459 1445 1486
mitosis 0.0016 225 3 323 74
mitosis 0.0016 209 907 244 941
mitosis 0.0016 170 40 222 91
mitosis 0.0016 1398 151 1440 200
mitosis 0.0016 1527 554 1554 586
mitosis 0.0015 1596 243 1645 300
mitosis 0.0015 693 491 768 549
mitosis 0.0015 223 883 261 916
mitosis 0.0015 28 0 84 25
mitosis 0.0015 185 1313 245 1366
mitosis 0.0015 -8 890 95 991
mitosis 0.0015 1605 898 1660 996
mitosis 0.0015 1628 482 1651 521
mitosis 0.0015 266 677 340 748
mitosis 0.0015 1566 1348 1655 1431
mitosis 0.0014 1442 371 1477 413
mitosis 0.0014 328 406 436 481
mitosis 0.0014 848 1329 890 1368
mitosis 0.0014 495 1268 561 1325
mitosis 0.0014 1601 262 1642 307
mitosis 0.0014 1592 1346 1642 1408
mitosis 0.0014 1222 4 1315 93
mitosis 0.0014 646 1352 739 1425
mitosis 0.0013 1250 19 1299 85
mitosis 0.0013 334 1331 383 1381
mitosis 0.0013 1059 1398 1157 1471
mitosis 0.0013 329 422 395 477
mitosis 0.0013 329 -4 475 79
mitosis 0.0013 792 1448 850 1478
mitosis 0.0013 471 1291 566 1367
mitosis 0.0013 1549 467 1598 513
mitosis 0.0013 266 1207 308 1240
mitosis 0.0013 1176 149 1223 186
mitosis 0.0013 714 386 760 436
mitosis 0.0013 212 895 256 938
mitosis 0.0013 506 831 555 878
mitosis 0.0013 1480 605 1507 641
mitosis 0.0013 1221 1372 1255 1404
mitosis 0.0013 741 498 853 582
mitosis 0.0012 1 368 23 411
mitosis 0.0012 1084 968 1228 1116
mitosis 0.0012 1055 0 1097 22
mitosis 0.0012 1614 309 1649 349
mitosis 0.0012 1453 1192 1517 1240
mitosis 0.0012 1263 658 1309 697
mitosis 0.0012 182 1293 275 1371
mitosis 0.0012 -7 1392 35 1448
mitosis 0.0012 1321 787 1355 829
mitosis 0.0012 1364 1401 1501 1480
mitosis 0.0012 1 374 33 438
mitosis 0.0012 850 95 971 186
mitosis 0.0011 1567 193 1663 307
mitosis 0.0011 537 863 716 1017
mitosis 0.0011 917 242 1022 333
mitosis 0.0011 247 1350 399 1472
mitosis 0.0011 1564 127 1596 166
mitosis 0.0011 1131 1012 1227 1102
mitosis 0.0011 1036 854 1209 1022
mitosis 0.0011 1059 389 1099 444
mitosis 0.0011 1624 110 1653 139
mitosis 0.0011 1519 466 1565 513
mitosis 0.0011 248 110 342 184
mitosis 0.0011 866 713 1051 862
mitosis 0.0011 1279 1229 1326 1266
mitosis 0.0011 493 26 572 113
mitosis 0.0011 1564 855 1598 897
mitosis 0.0011 874 787 1053 948
mitosis 0.0010 1555 837 1674 939
mitosis 0.0010 -20 179 112 327
mitosis 0.0010 -3 950 98 1026
mitosis 0.0010 779 779 970 944
mitosis 0.0010 1359 254 1401 302
mitosis 0.0010 74 1406 213 1487
mitosis 0.0010 583 624 626 662
mitosis 0.0010 1058 370 1099 424
mitosis 0.0010 528 712 714 858
mitosis 0.0010 735 46 796 89
mitosis 0.0010 1601 189 1645 253
mitosis 0.0010 1005 262 1063 344
mitosis 0.0010 658 1307 760 1412
mitosis 0.0010 298 418 397 502
mitosis 0.0010 -8 849 90 943
mitosis 0.0010 1579 941 1667 1039
mitosis 0.0010 540 1157 722 1315
mitosis 0.0010 639 485 677 521
mitosis 0.0010 958 796 1132 943
mitosis 0.0010 -18 103 110 247
mitosis 0.0010 629 886 785 1020
mitosis 0.0010 687 1306 728 1345
mitosis 0.0010 -17 347 101 468
