mitosis 0.4037 267 324 339 381
mitosis 0.1707 244 609 315 670
mitosis 0.1213 1144 1088 1203 1150
mitosis 0.0793 123 799 173 849
mitosis 0.0380 343 1357 381 1400
mitosis 0.0372 465 292 504 333
mitosis 0.0283 78 919 143 973
mitosis 0.0185 436 453 497 507
mitosis 0.0158 662 828 728 894
mitosis 0.0150 1446 583 1499 632
mitosis 0.0137 564 759 660 825
mitosis 0.0080 584 761 689 843
mitosis 0.0078 119 782 187 862
mitosis 0.0078 411 1068 502 1147
mitosis 0.0076 1226 1368 1264 1404
mitosis 0.0076 1599 1241 1636 1274
mitosis 0.0073 1045 1453 1089 1487
mitosis 0.0066 41 1161 82 1210
mitosis 0.0065 214 323 348 492
mitosis 0.0063 1627 389 1655 418
mitosis 0.0060 1392 902 1441 945
mitosis 0.0059 35 1234 72 1273
mitosis 0.0057 1019 835 1060 873
mitosis 0.0053 123 744 218 835
mitosis 0.0053 241 295 340 371
mitosis 0.0047 -152 87 726 711
mitosis 0.0046 192 323 231 356
mitosis 0.0044 1554 1008 1594 1041
mitosis 0.0042 1059 272 1109 321
mitosis 0.0041 -85 277 659 953
mitosis 0.0041 226 592 345 693
mitosis 0.0041 148 74 206 119
mitosis 0.0040 1284 9 1373 88
mitosis 0.0037 404 1460 439 1484
mitosis 0.0037 -2 237 38 301
mitosis 0.0037 179 608 217 645
mitosis 0.0036 239 492 298 552
mitosis 0.0036 214 624 348 780
mitosis 0.0035 260 331 350 407
mitosis 0.0034 1296 29 1357 82
mitosis 0.0032 755 480 790 513
mitosis 0.0031 168 736 225 790
mitosis 0.0031 53 596 344 697
mitosis 0.0030 1549 1426 1574 1448
mitosis 0.0030 593 773 658 822
mitosis 0.0029 275 277 445 399
mitosis 0.0029 461 272 522 343
mitosis 0.0028 247 264 331 321
mitosis 0.0028 1025 1082 1206 1220
mitosis 0.0028 239 1250 271 1274
mitosis 0.0027 1427 573 1512 638
mitosis 0.0026 719 850 1510 1436
mitosis 0.0025 403 449 494 526
mitosis 0.0025 947 135 991 176
mitosis 0.0023 977 139 1014 178
mitosis 0.0023 1124 1091 1257 1216
mitosis 0.0023 510 1431 548 1465
mitosis 0.0021 1524 1275 1555 1298
mitosis 0.0021 135 53 227 123
mitosis 0.0021 1031 255 1123 343
mitosis 0.0020 1634 4 1666 44
mitosis 0.0020 176 699 212 732
mitosis 0.0020 289 1256 323 1286
mitosis 0.0018 1077 280 1117 317
mitosis 0.0018 291 272 341 317
mitosis 0.0017 1302 1314 1350 1344
mitosis 0.0017 18 1143 108 1217
mitosis 0.0017 340 1342 395 1418
mitosis 0.0017 84 904 177 980
mitosis 0.0016 275 284 364 363
mitosis 0.0016 352 334 406 376
mitosis 0.0016 139 1354 176 1388
mitosis 0.0016 1361 1157 1502 1261
mitosis 0.0016 566 774 629 822
mitosis 0.0016 728 1154 785 1206
mitosis 0.0015 169 600 234 647
mitosis 0.0015 522 495 616 569
mitosis 0.0015 923 100 1030 192
mitosis 0.0015 445 458 523 527
mitosis 0.0015 399 7 462 49
mitosis 0.0015 1615 0 1664 50
mitosis 0.0015 436 418 506 495
mitosis 0.0015 273 981 322 1028
mitosis 0.0015 19 1167 112 1250
mitosis 0.0015 380 1072 529 1227
mitosis 0.0014 302 1092 350 1138
mitosis 0.0014 1577 1220 1661 1295
mitosis 0.0014 21 1404 153 1482
mitosis 0.0014 630 834 771 1006
mitosis 0.0014 -6 219 90 311
mitosis 0.0014 473 694 520 732
mitosis 0.0013 1418 174 1459 214
mitosis 0.0013 1613 85 1654 129
mitosis 0.0013 224 500 276 550
mitosis 0.0013 1355 969 1393 1018
mitosis 0.0013 1335 909 1383 952
mitosis 0.0013 1125 1042 1262 1143
mitosis 0.0013 1599 302 1644 346
mitosis 0.0013 219 398 1013 1144
mitosis 0.0013 654 844 741 934
mitosis 0.0013 1559 1104 1678 1240
mitosis 0.0013 46 926 172 1076
mitosis 0.0013 1544 1447 1584 1476
mitosis 0.0013 1132 1106 1194 1159
mitosis 0.0012 638 802 766 918
mitosis 0.0012 7 1212 101 1291
mitosis 0.0012 335 832 375 866
mitosis 0.0012 705 538 747 575
mitosis 0.0012 1020 1427 1130 1487
mitosis 0.0012 288 339 375 396
mitosis 0.0012 1153 1083 1227 1163
mitosis 0.0012 171 1098 249 1146
mitosis 0.0012 -4 18 100 123
mitosis 0.0012 329 31 362 56
mitosis 0.0012 1559 11 1650 100
mitosis 0.0011 1327 918 1428 995
mitosis 0.0011 762 736 793 769
mitosis 0.0011 501 1423 556 1471
mitosis 0.0011 1360 1334 1399 1360
mitosis 0.0011 -268 567 497 1256
mitosis 0.0011 -10 152 102 276
mitosis 0.0011 29 913 153 1016
mitosis 0.0011 217 496 309 581
mitosis 0.0011 -3 1026 121 1170
mitosis 0.0011 712 1132 816 1231
mitosis 0.0011 597 637 784 800
mitosis 0.0011 423 1038 508 1129
mitosis 0.0011 -5 786 128 933
mitosis 0.0011 564 779 684 931
mitosis 0.0011 747 997 778 1032
mitosis 0.0010 387 730 682 865
mitosis 0.0010 1561 282 1660 379
mitosis 0.0010 71 9 201 118
mitosis 0.0010 -91 885 161 997
mitosis 0.0010 1356 889 1451 957
mitosis 0.0010 24 1163 74 1240
mitosis 0.0010 406 5 496 59
mitosis 0.0010 -28 797 920 1488
mitosis 0.0010 149 703 252 802
mitosis 0.0010 589 405 627 440
mitosis 0.0010 1303 971 1447 1114
mitosis 0.0010 49 1426 120 1479
mitosis 0.0010 1142 1037 1214 1139
mitosis 0.0010 444 939 612 1101
mitosis 0.0010 380 963 522 1131
