mitosis 0.5798 -9 1092 47 1148
mitosis 0.5014 59 1068 124 1121
mitosis 0.4413 1198 822 1262 888
mitosis 0.4336 1388 802 1451 864
mitosis 0.4131 144 1339 202 1394
mitosis 0.3597 808 215 886 283
mitosis 0.3135 732 38 793 104
mitosis 0.1050 978 1267 1043 1331
mitosis 0.0884 0 1348 35 1379
mitosis 0.0784 1204 485 1256 535
mitosis 0.0491 111 937 153 972
mitosis 0.0423 1 1078 59 1157
mitosis 0.0360 948 58 1005 107
mitosis 0.0335 653 1117 726 1197
mitosis 0.0320 202 35 269 84
mitosis 0.0320 986 71 1070 133
mitosis 0.0259 673 1250 712 1286
mitosis 0.0231 1570 391 1610 440
mitosis 0.0204 690 1400 747 1452
mitosis 0.0166 527 686 612 758
mitosis 0.0163 520 113 626 191
mitosis 0.0141 1363 906 1408 953
mitosis 0.0138 1120 1057 1159 1093
mitosis 0.0129 933 992 966 1027
mitosis 0.0126 312 417 350 451
mitosis 0.0119 526 110 580 153
mitosis 0.0106 523 925 571 969
mitosis 0.0100 -1 1107 48 1165
mitosis 0.0098 442 1208 492 1252
mitosis 0.0098 39 1245 75 1272
mitosis 0.0093 980 1294 1079 1355
mitosis 0.0090 988 1259 1070 1319
mitosis 0.0088 146 907 201 951
mitosis 0.0086 522 105 595 172
mitosis 0.0086 1030 1326 1085 1364
mitosis 0.0085 819 241 912 312
mitosis 0.0079 718 7 811 88
mitosis 0.0071 321 1138 364 1175
mitosis 0.0071 677 1398 772 1469
mitosis 0.0069 856 277 908 321
mitosis 0.0065 1138 794 1266 930
mitosis 0.0063 847 535 1552 1146
mitosis 0.0060 1045 1370 1086 1405
mitosis 0.0060 795 210 932 325
mitosis 0.0057 472 -46 1089 560
mitosis 0.0057 724 56 785 120
mitosis 0.0056 937 47 1022 114
mitosis 0.0054 1285 789 1443 927
mitosis 0.0054 195 15 280 95
mitosis 0.0053 669 216 897 324
mitosis 0.0051 1201 799 1349 920
mitosis 0.0050 648 1111 708 1175
mitosis 0.0050 10 1076 108 1144
mitosis 0.0049 885 475 925 512
mitosis 0.0048 707 47 846 183
mitosis 0.0048 1188 838 1251 900
mitosis 0.0047 1044 793 1110 844
mitosis 0.0046 955 55 1055 126
mitosis 0.0046 1194 779 1268 875
mitosis 0.0046 786 146 932 266
mitosis 0.0045 1143 1256 1183 1292
mitosis 0.0043 1081 25 1124 63
mitosis 0.0043 205 1053 248 1087
mitosis 0.0042 -1 994 31 1038
mitosis 0.0041 581 27 623 64
mitosis 0.0041 1179 54 1228 102
mitosis 0.0040 1383 797 1501 919
mitosis 0.0038 2 560 99 637
mitosis 0.0037 130 1350 221 1410
mitosis 0.0037 354 -275 1216 468
mitosis 0.0036 1033 477 1854 1201
mitosis 0.0035 1163 1380 1204 1418
mitosis 0.0035 469 1106 516 1152
mitosis 0.0033 1159 44 1242 123
mitosis 0.0032 873 660 905 695
mitosis 0.0031 1040 1251 1091 1294
mitosis 0.0031 1368 819 1456 915
mitosis 0.0030 857 1263 894 1302
mitosis 0.0029 797 935 852 977
mitosis 0.0028 1022 207 1067 245
mitosis 0.0028 1128 836 1270 1015
mitosis 0.0028 666 256 723 303
mitosis 0.0027 709 0 849 108
mitosis 0.0026 349 1434 395 1472
mitosis 0.0025 968 1264 1100 1357
mitosis 0.0025 1373 807 1441 885
mitosis 0.0025 1342 845 1442 945
mitosis 0.0025 742 1 818 48
mitosis 0.0024 462 121 614 253
mitosis 0.0024 598 0 802 106
mitosis 0.0023 51 1035 171 1139
mitosis 0.0023 100 -141 965 499
mitosis 0.0023 1053 1020 1104 1063
mitosis 0.0022 46 1086 163 1217
mitosis 0.0022 1320 116 1357 148
mitosis 0.0022 1402 785 1461 852
mitosis 0.0022 1 1326 42 1376
mitosis 0.0022 508 917 592 980
mitosis 0.0022 168 807 210 841
mitosis 0.0022 248 812 975 1480
mitosis 0.0022 596 971 1300 1618
mitosis 0.0021 721 -4 792 36
mitosis 0.0021 637 1116 764 1206
mitosis 0.0021 1018 75 1088 131
mitosis 0.0021 1066 538 1103 573
mitosis 0.0021 453 704 618 855
mitosis 0.0021 943 443 979 475
mitosis 0.0021 1583 1413 1641 1478
mitosis 0.0021 1532 1409 1640 1486
mitosis 0.0021 573 20 682 103
mitosis 0.0021 1036 786 1146 865
mitosis 0.0021 603 61 784 177
mitosis 0.0021 576 37 623 90
mitosis 0.0020 1063 1022 1132 1078
mitosis 0.0020 856 1266 1052 1360
mitosis 0.0020 -261 697 488 1425
mitosis 0.0020 171 18 263 78
mitosis 0.0020 1014 1320 1120 1412
mitosis 0.0020 716 1061 770 1109
mitosis 0.0020 1137 446 1175 473
mitosis 0.0020 1008 558 1062 599
mitosis 0.0019 971 1225 1048 1322
mitosis 0.0019 826 1226 863 1263
mitosis 0.0019 485 1116 749 1215
mitosis 0.0019 549 1320 592 1356
mitosis 0.0019 464 1087 509 1141
mitosis 0.0019 1379 731 1500 867
mitosis 0.0019 1567 373 1621 451
mitosis 0.0018 140 1309 215 1391
mitosis 0.0017 -48 1034 115 1146
mitosis 0.0017 1558 888 1592 919
mitosis 0.0017 169 998 207 1030
mitosis 0.0017 845 1159 900 1208
mitosis 0.0017 1216 845 1276 900
mitosis 0.0017 1593 1428 1632 1474
mitosis 0.0017 500 630 610 739
mitosis 0.0016 666 1140 739 1205
mitosis 0.0016 1295 1066 1450 1213
mitosis 0.0016 110 909 202 969
mitosis 0.0016 1194 480 1276 549
mitosis 0.0016 1478 1410 1613 1486
mitosis 0.0016 7 1347 62 1383
mitosis 0.0016 987 1288 1051 1344
mitosis 0.0016 783 927 876 994
mitosis 0.0015 109 1331 203 1399
mitosis 0.0015 1105 195 1140 228
mitosis 0.0015 1406 486 1440 529
mitosis 0.0015 -133 859 530 1721
mitosis 0.0015 1336 892 1425 980
mitosis 0.0015 1398 332 1429 367
mitosis 0.0015 657 242 740 316
mitosis 0.0015 71 442 987 1113
mitosis 0.0015 365 -9 518 105
mitosis 0.0015 114 1269 259 1364
mitosis 0.0014 1458 1223 1496 1257
mitosis 0.0014 1038 21 1115 111
mitosis 0.0014 623 34 677 82
mitosis 0.0014 1385 495 1441 532
mitosis 0.0014 1000 1270 1091 1336
mitosis 0.0014 638 1155 763 1287
mitosis 0.0014 426 1201 510 1259
mitosis 0.0014 708 339 873 481
mitosis 0.0013 1199 1394 1369 1478
mitosis 0.0013 80 3 210 73
mitosis 0.0013 129 1325 269 1428
mitosis 0.0013 -4 1331 52 1405
mitosis 0.0013 128 57 259 182
mitosis 0.0013 527 1142 572 1176
mitosis 0.0013 301 276 433 390
mitosis 0.0013 307 413 363 463
mitosis 0.0013 1460 1426 1495 1465
mitosis 0.0013 35 1235 83 1277
mitosis 0.0013 1400 1178 1539 1287
mitosis 0.0013 686 884 2068 1566
mitosis 0.0013 1289 1141 1458 1295
mitosis 0.0013 1367 880 1434 952
mitosis 0.0013 1363 121 1403 153
mitosis 0.0013 272 582 307 615
mitosis 0.0012 563 196 621 242
mitosis 0.0012 19 1320 220 1434
mitosis 0.0012 123 211 202 283
mitosis 0.0012 841 259 902 319
mitosis 0.0012 871 976 908 1010
mitosis 0.0012 1483 1390 1519 1434
mitosis 0.0012 197 -5 368 102
mitosis 0.0012 -9 627 111 746
mitosis 0.0012 1248 4 1285 31
mitosis 0.0012 1286 1322 1451 1464
mitosis 0.0012 1184 498 1246 552
mitosis 0.0012 546 129 677 245
mitosis 0.0012 811 1221 930 1321
mitosis 0.0012 1025 1068 1682 1385
mitosis 0.0012 1062 1004 1111 1046
mitosis 0.0012 1129 744 1254 860
mitosis 0.0012 1289 1392 1460 1484
mitosis 0.0012 1638 864 1663 915
mitosis 0.0012 777 223 875 316
mitosis 0.0011 535 923 593 967
mitosis 0.0011 848 1381 1030 1494
mitosis 0.0011 1160 1361 1211 1415
mitosis 0.0011 802 266 928 396
mitosis 0.0011 1580 0 1619 20
mitosis 0.0011 939 33 998 96
mitosis 0.0011 -9 1026 48 1118
mitosis 0.0011 1553 1370 1672 1482
mitosis 0.0011 178 481 225 516
mitosis 0.0011 1019 1370 1077 1410
mitosis 0.0011 1204 1227 1387 1396
mitosis 0.0011 289 398 387 482
mitosis 0.0011 1133 1367 1245 1448
mitosis 0.0011 1498 1435 1565 1482
mitosis 0.0011 672 402 777 505
mitosis 0.0011 1181 1321 1361 1457
mitosis 0.0011 1636 4 1664 43
mitosis 0.0011 -39 1072 105 1235
mitosis 0.0011 1512 1020 1548 1059
mitosis 0.0011 567 1044 728 1195
mitosis 0.0011 739 1384 921 1489
mitosis 0.0011 1089 7 1211 98
mitosis 0.0011 825 1154 920 1250
mitosis 0.0011 -1 1099 84 1168
mitosis 0.0010 1556 1004 1660 1123
mitosis 0.0010 463 75 615 174
mitosis 0.0010 1433 1405 1562 1485
mitosis 0.0010 -10 439 113 572
mitosis 0.0010 1287 1005 1452 1170
mitosis 0.0010 621 568 791 720
mitosis 0.0010 626 1380 792 1528
mitosis 0.0010 532 144 626 230
mitosis 0.0010 135 2 280 107
mitosis 0.0010 267 -8 423 99
mitosis 0.0010 964 1314 1094 1433
mitosis 0.0010 1119 924 1286 1092
mitosis 0.0010 855 649 912 697
mitosis 0.0010 291 1354 444 1488
mitosis 0.0010 1204 1142 1390 1317
mitosis 0.0010 714 494 870 627
mitosis 0.0010 356 969 394 1003
mitosis 0.0010 1390 1337 1542 1478
mitosis 0.0010 1066 1027 1176 1103
mitosis 0.0010 470 818 606 960
mitosis 0.0010 1534 1243 1677 1391
mitosis 0.0010 -20 1371 80 1454
mitosis 0.0010 -175 -458 738 524
mitosis 0.0010 459 418 606 562
mitosis 0.0010 726 572 885 708
mitosis 0.0010 949 1262 1042 1356
mitosis 0.0010 1219 763 1258 801
mitosis 0.0010 0 998 108 1099
mitosis 0.0010 443 1394 636 1488
mitosis 0.0010 464 335 619 492
mitosis 0.0010 994 992 1112 1078
mitosis 0.0010 328 778 403 826
mitosis 0.0010 1213 769 1268 838
