mitosis 0.2465 950 206 1001 253
mitosis 0.0812 1179 633 1239 694
mitosis 0.0420 1170 817 1226 866
mitosis 0.0238 1460 876 1501 914
mitosis 0.0216 950 186 1013 266
mitosis 0.0194 635 357 679 404
mitosis 0.0129 1319 763 1363 801
mitosis 0.0122 0 1060 24 1105
mitosis 0.0121 1321 235 1362 272
mitosis 0.0080 1475 37 1515 79
mitosis 0.0079 12 51 54 97
mitosis 0.0073 1482 1280 1530 1317
mitosis 0.0072 1464 19 1504 54
mitosis 0.0068 72 1288 115 1336
mitosis 0.0066 1640 294 1664 339
mitosis 0.0063 1445 646 1482 680
mitosis 0.0061 265 987 299 1024
mitosis 0.0057 1362 930 1407 967
mitosis 0.0056 280 518 319 554
mitosis 0.0051 1613 1457 1665 1488
mitosis 0.0046 1049 1417 1087 1450
mitosis 0.0043 1171 1297 1212 1331
mitosis 0.0041 323 315 361 355
mitosis 0.0041 837 38 871 75
mitosis 0.0038 210 702 261 749
mitosis 0.0033 331 612 368 652
mitosis 0.0031 225 1457 266 1484
mitosis 0.0028 950 218 1005 271
mitosis 0.0028 1156 808 1238 876
mitosis 0.0028 616 339 697 409
mitosis 0.0027 1576 1116 1612 1151
mitosis 0.0027 1567 1202 1610 1248
mitosis 0.0027 640 344 687 392
mitosis 0.0026 1036 1200 1063 1227
mitosis 0.0026 1635 1277 1662 1325
mitosis 0.0025 1190 644 1255 700
mitosis 0.0025 1066 784 1101 816
mitosis 0.0024 1179 607 1255 684
mitosis 0.0024 155 666 193 699
mitosis 0.0023 919 1223 955 1258
mitosis 0.0022 1483 51 1520 85
mitosis 0.0021 238 24 278 56
mitosis 0.0021 1146 632 1238 711
mitosis 0.0020 630 373 666 408
mitosis 0.0020 1250 101 1294 138
mitosis 0.0020 141 285 190 339
mitosis 0.0020 1314 1209 1352 1244
mitosis 0.0019 39 658 110 713
mitosis 0.0018 1454 12 1497 48
mitosis 0.0018 21 179 54 228
mitosis 0.0018 -2 1053 39 1108
mitosis 0.0018 255 1062 289 1091
mitosis 0.0018 1502 203 1537 244
mitosis 0.0017 0 1455 26 1488
mitosis 0.0017 860 155 899 185
mitosis 0.0017 1038 477 1069 505
mitosis 0.0016 1639 306 1661 364
mitosis 0.0015 504 463 548 507
mitosis 0.0015 1136 633 1266 780
mitosis 0.0015 1454 855 1516 928
mitosis 0.0015 931 820 968 862
mitosis 0.0015 1296 1348 1331 1384
mitosis 0.0015 159 871 197 909
mitosis 0.0014 881 226 932 273
mitosis 0.0014 1007 200 1042 229
mitosis 0.0014 1148 816 1209 866
mitosis 0.0014 215 1115 249 1146
mitosis 0.0014 1468 7 1515 50
mitosis 0.0013 1314 756 1354 792
mitosis 0.0013 658 543 694 570
mitosis 0.0013 198 1 329 88
mitosis 0.0013 13 65 52 113
mitosis 0.0013 1148 462 1192 501
mitosis 0.0013 869 537 926 594
mitosis 0.0013 1351 993 1392 1026
mitosis 0.0013 1127 1324 1168 1367
mitosis 0.0013 799 1398 830 1424
mitosis 0.0013 980 1409 1014 1433
mitosis 0.0013 385 702 418 729
mitosis 0.0012 922 545 977 605
mitosis 0.0012 137 1294 175 1340
mitosis 0.0012 1560 1406 1662 1479
mitosis 0.0012 901 540 967 613
mitosis 0.0012 1504 350 1545 392
mitosis 0.0012 407 1398 446 1433
mitosis 0.0012 1005 1360 1036 1397
mitosis 0.0012 212 67 251 104
mitosis 0.0012 617 107 651 136
mitosis 0.0012 1019 1072 1064 1113
mitosis 0.0012 179 690 277 754
mitosis 0.0012 707 403 872 563
mitosis 0.0012 1615 0 1662 28
mitosis 0.0012 -1 20 90 101
mitosis 0.0012 1085 314 1126 341
mitosis 0.0011 382 -9 522 81
mitosis 0.0011 847 1165 882 1193
mitosis 0.0011 45 820 106 875
mitosis 0.0011 868 520 903 556
mitosis 0.0011 -1 489 35 550
mitosis 0.0011 1625 286 1666 337
mitosis 0.0011 6 31 61 90
mitosis 0.0011 1392 1183 1449 1230
mitosis 0.0011 768 378 1613 1020
mitosis 0.0011 460 501 496 535
mitosis 0.0011 7 673 47 715
mitosis 0.0011 310 622 373 661
mitosis 0.0011 1592 1445 1659 1488
mitosis 0.0011 133 1133 168 1170
mitosis 0.0011 889 1173 927 1208
mitosis 0.0011 1158 814 1252 916
mitosis 0.0011 878 1168 918 1203
mitosis 0.0011 138 272 177 307
mitosis 0.0011 657 707 691 736
mitosis 0.0010 1126 918 1307 1087
mitosis 0.0010 1405 762 1443 794
mitosis 0.0010 886 183 1019 347
mitosis 0.0010 981 160 1015 187
mitosis 0.0010 917 1201 953 1238
mitosis 0.0010 283 502 328 545
mitosis 0.0010 1526 626 1561 660
mitosis 0.0010 311 -15 449 80
mitosis 0.0010 549 -11 700 95
mitosis 0.0010 1399 1284 1443 1321
mitosis 0.0010 699 333 874 482
mitosis 0.0010 965 332 1124 480
mitosis 0.0010 1506 366 1550 411
mitosis 0.0010 1546 1231 1664 1351
mitosis 0.0010 906 1194 945 1233
mitosis 0.0010 636 -7 783 97
mitosis 0.0010 620 390 782 555
mitosis 0.0010 48 738 88 770
mitosis 0.0010 1476 1234 1591 1317
mitosis 0.0010 1145 589 1267 707
mitosis 0.0010 1297 158 1422 275
mitosis 0.0010 179 1404 341 1478
mitosis 0.0010 172 547 203 577
mitosis 0.0010 32 781 69 814
