mitosis 0.4485 808 928 883 993
mitosis 0.4069 531 430 596 489
mitosis 0.2272 42 905 104 956
mitosis 0.2241 639 499 704 559
mitosis 0.2231 1105 509 1163 562
mitosis 0.1056 1567 1260 1612 1305
mitosis 0.0889 426 1210 470 1257
mitosis 0.0325 906 300 957 344
mitosis 0.0247 1586 1077 1625 1121
mitosis 0.0229 508 423 614 502
mitosis 0.0114 37 885 120 961
mitosis 0.0098 1442 886 1488 921
mitosis 0.0087 1116 1270 1154 1300
mitosis 0.0082 152 416 206 468
mitosis 0.0077 1432 26 1482 69
mitosis 0.0077 1505 1353 1566 1414
mitosis 0.0074 799 793 840 831
mitosis 0.0072 792 935 930 1076
mitosis 0.0070 886 283 973 349
mitosis 0.0068 1469 206 1526 256
mitosis 0.0068 1173 1240 1224 1283
mitosis 0.0067 1602 1077 1651 1123
mitosis 0.0066 129 396 223 479
mitosis 0.0064 506 580 1059 1267
mitosis 0.0062 102 679 166 720
mitosis 0.0061 475 407 607 568
mitosis 0.0061 1326 23 1385 76
mitosis 0.0061 69 409 112 440
mitosis 0.0060 1565 840 1613 879
mitosis 0.0059 416 1192 478 1268
mitosis 0.0057 532 479 704 644
mitosis 0.0056 1257 654 1293 693
mitosis 0.0055 804 1433 861 1473
mitosis 0.0054 1343 1279 1385 1328
mitosis 0.0054 258 262 971 836
mitosis 0.0053 1354 129 1402 164
mitosis 0.0053 628 499 768 629
mitosis 0.0052 1490 713 1527 750
mitosis 0.0051 1562 1237 1626 1321
mitosis 0.0051 302 1 357 22
mitosis 0.0050 697 884 873 1002
mitosis 0.0047 1000 524 1051 574
mitosis 0.0044 802 893 928 997
mitosis 0.0038 1448 1457 1494 1485
mitosis 0.0037 686 928 880 1084
mitosis 0.0037 1569 1066 1656 1139
mitosis 0.0037 1383 187 1496 265
mitosis 0.0036 1394 204 1457 273
mitosis 0.0035 512 427 576 484
mitosis 0.0035 1231 1002 1281 1043
mitosis 0.0034 542 356 606 415
mitosis 0.0033 -1 1458 50 1487
mitosis 0.0033 472 361 605 489
mitosis 0.0031 1292 1076 1345 1121
mitosis 0.0031 91 660 189 726
mitosis 0.0031 1496 1340 1596 1430
mitosis 0.0030 20 896 88 950
mitosis 0.0030 623 451 768 554
mitosis 0.0029 -29 855 116 1014
mitosis 0.0028 1551 61 1651 150
mitosis 0.0028 990 1243 1056 1306
mitosis 0.0028 789 706 835 744
mitosis 0.0028 976 1232 1069 1322
mitosis 0.0028 -284 620 361 1216
mitosis 0.0027 540 403 685 566
mitosis 0.0027 1432 1462 1475 1482
mitosis 0.0027 294 -1 353 33
mitosis 0.0027 1310 8 1414 83
mitosis 0.0027 1398 1283 1448 1334
mitosis 0.0026 225 1190 269 1230
mitosis 0.0025 46 866 179 1002
mitosis 0.0025 1409 7 1500 75
mitosis 0.0025 556 358 652 413
mitosis 0.0024 1056 502 1154 574
mitosis 0.0024 792 1416 891 1477
mitosis 0.0023 1047 431 1089 465
mitosis 0.0023 750 253 790 290
mitosis 0.0023 110 344 145 373
mitosis 0.0022 1437 897 1491 945
mitosis 0.0021 525 208 590 260
mitosis 0.0021 1245 440 1295 481
mitosis 0.0021 1616 1074 1665 1135
mitosis 0.0021 1445 182 1558 260
mitosis 0.0021 1061 502 1185 626
mitosis 0.0020 1336 1263 1429 1341
mitosis 0.0020 1421 922 1494 965
mitosis 0.0019 379 39 433 86
mitosis 0.0019 146 1220 193 1258
mitosis 0.0019 1064 1255 1105 1294
mitosis 0.0019 618 363 678 410
mitosis 0.0019 93 384 144 419
mitosis 0.0018 -39 917 101 1085
mitosis 0.0018 1619 1456 1658 1486
mitosis 0.0018 468 1458 507 1483
mitosis 0.0018 540 289 592 327
mitosis 0.0018 1014 1397 1156 1483
mitosis 0.0018 401 1211 458 1261
mitosis 0.0018 780 468 820 503
mitosis 0.0018 496 190 616 288
mitosis 0.0018 1240 461 1308 530
mitosis 0.0018 1379 451 1425 496
mitosis 0.0017 504 437 600 542
mitosis 0.0017 645 480 749 549
mitosis 0.0017 750 254 1485 837
mitosis 0.0017 1543 93 1651 187
mitosis 0.0016 1097 475 1201 563
mitosis 0.0016 1409 894 1505 967
mitosis 0.0016 71 398 130 445
mitosis 0.0016 10 1458 77 1485
mitosis 0.0016 1587 1209 1649 1279
mitosis 0.0015 795 917 869 978
mitosis 0.0015 29 863 106 945
mitosis 0.0015 768 692 861 758
mitosis 0.0015 809 949 876 1014
mitosis 0.0015 988 505 1089 583
mitosis 0.0015 551 1199 669 1284
mitosis 0.0015 1569 95 1621 147
mitosis 0.0015 1364 116 1424 163
mitosis 0.0015 1290 1388 1467 1487
mitosis 0.0015 1571 208 1625 250
mitosis 0.0014 86 677 178 751
mitosis 0.0014 192 1037 239 1076
mitosis 0.0014 1109 1389 1219 1467
mitosis 0.0014 815 228 978 350
mitosis 0.0014 1252 503 1305 550
mitosis 0.0014 1543 283 1667 401
mitosis 0.0014 771 729 869 809
mitosis 0.0014 1263 1078 1365 1159
mitosis 0.0014 1519 532 1582 585
mitosis 0.0014 47 916 120 973
mitosis 0.0013 -14 109 112 230
mitosis 0.0013 141 558 268 651
mitosis 0.0013 1420 1180 1467 1224
mitosis 0.0013 1276 1263 1309 1294
mitosis 0.0013 1011 1431 1071 1480
mitosis 0.0013 1604 1441 1659 1484
mitosis 0.0013 315 212 370 258
mitosis 0.0013 -4 596 113 704
mitosis 0.0013 412 1193 530 1276
mitosis 0.0012 1530 206 1662 331
mitosis 0.0012 147 1176 279 1266
mitosis 0.0012 1115 492 1172 555
mitosis 0.0012 17 1400 154 1479
mitosis 0.0012 814 1430 927 1480
mitosis 0.0012 786 825 897 970
mitosis 0.0012 1570 1394 1669 1484
mitosis 0.0012 4 384 56 436
mitosis 0.0012 1552 655 1670 768
mitosis 0.0012 1609 1059 1661 1117
mitosis 0.0012 1111 1275 1168 1330
mitosis 0.0012 1219 986 1311 1059
mitosis 0.0012 496 690 555 740
mitosis 0.0012 1102 524 1162 582
mitosis 0.0012 758 466 821 519
mitosis 0.0012 1246 1034 1350 1126
mitosis 0.0012 701 569 873 733
mitosis 0.0012 729 245 788 298
mitosis 0.0012 1117 500 1274 615
mitosis 0.0012 1001 0 1052 20
mitosis 0.0012 1168 1385 1214 1429
mitosis 0.0012 1507 530 1605 600
mitosis 0.0012 310 2 368 37
mitosis 0.0012 169 545 276 625
mitosis 0.0012 620 513 693 579
mitosis 0.0012 254 944 297 978
mitosis 0.0011 -14 45 116 168
mitosis 0.0011 1415 1075 1468 1116
mitosis 0.0011 1605 673 1658 719
mitosis 0.0011 1101 1330 1218 1434
mitosis 0.0011 1248 1154 1297 1200
mitosis 0.0011 1000 1412 1105 1480
mitosis 0.0011 1402 1397 1548 1481
mitosis 0.0011 823 932 938 1026
mitosis 0.0011 379 46 417 79
mitosis 0.0011 18 639 144 725
mitosis 0.0011 1067 481 1104 514
mitosis 0.0011 1124 1298 1180 1346
mitosis 0.0011 -6 480 107 591
mitosis 0.0011 553 1205 611 1259
mitosis 0.0011 1224 420 1314 497
mitosis 0.0011 1239 996 1305 1047
mitosis 0.0011 1197 457 1234 486
mitosis 0.0011 1131 740 1167 776
mitosis 0.0011 109 694 286 840
mitosis 0.0011 1330 115 1448 213
mitosis 0.0011 1085 1258 1149 1305
mitosis 0.0011 1300 941 1476 1071
mitosis 0.0011 374 953 411 986
mitosis 0.0011 1329 184 1564 353
mitosis 0.0011 -48 799 112 941
mitosis 0.0011 776 781 867 865
mitosis 0.0011 1567 983 1672 1118
mitosis 0.0011 1084 1220 1216 1313
mitosis 0.0011 771 757 872 836
mitosis 0.0010 -17 704 122 843
mitosis 0.0010 1544 338 1664 453
mitosis 0.0010 504 303 626 416
mitosis 0.0010 1558 835 1649 920
mitosis 0.0010 -1 1439 62 1484
mitosis 0.0010 1151 -7 1300 79
mitosis 0.0010 1054 449 1183 556
mitosis 0.0010 1153 1228 1257 1307
mitosis 0.0010 417 1221 471 1280
mitosis 0.0010 1100 1411 1174 1471
mitosis 0.0010 693 1013 751 1058
mitosis 0.0010 1443 684 1555 773
mitosis 0.0010 600 356 692 434
mitosis 0.0010 1603 883 1645 920
mitosis 0.0010 52 90 184 220
mitosis 0.0010 403 1172 498 1261
mitosis 0.0010 1360 431 1501 527
mitosis 0.0010 -11 951 40 1019
mitosis 0.0010 835 930 902 988
mitosis 0.0010 73 876 168 944
mitosis 0.0010 1465 674 1600 785
mitosis 0.0010 424 980 472 1014
mitosis 0.0010 1537 440 1667 565
mitosis 0.0010 452 1099 617 1243
mitosis 0.0010 1217 438 1318 526
mitosis 0.0010 141 614 186 649
mitosis 0.0010 549 520 720 690
mitosis 0.0010 1215 1391 1375 1482
mitosis 0.0010 -13 178 126 341
mitosis 0.0010 512 131 660 252
