mitosis 0.1407 13 811 49 850
mitosis 0.0927 83 -2 120 29
mitosis 0.0676 290 310 327 346
mitosis 0.0649 161 827 201 864
mitosis 0.0555 1379 1317 1435 1364
mitosis 0.0460 617 341 663 389
mitosis 0.0384 1069 756 1116 794
mitosis 0.0370 488 405 543 455
mitosis 0.0236 1331 99 1378 139
mitosis 0.0180 1356 1123 1401 1158
mitosis 0.0159 1113 744 1149 780
mitosis 0.0139 169 778 209 819
mitosis 0.0125 1227 30 1268 66
mitosis 0.0115 1390 48 1425 83
mitosis 0.0114 469 396 554 465
mitosis 0.0109 906 645 961 697
mitosis 0.0099 1449 656 1500 729
mitosis 0.0092 1450 1144 1488 1183
mitosis 0.0087 855 573 900 618
mitosis 0.0081 905 1431 956 1472
mitosis 0.0066 243 1220 289 1256
mitosis 0.0064 370 85 422 124
mitosis 0.0054 10 791 64 863
mitosis 0.0054 1214 1303 1253 1340
mitosis 0.0050 -1 225 23 281
mitosis 0.0046 1441 636 1497 709
mitosis 0.0044 1092 747 1142 790
mitosis 0.0040 153 1333 185 1361
mitosis 0.0039 1041 598 1087 640
mitosis 0.0036 612 326 677 399
mitosis 0.0035 75 1403 117 1439
mitosis 0.0034 488 8 530 38
mitosis 0.0033 111 1043 146 1075
mitosis 0.0033 1220 1102 1269 1142
mitosis 0.0033 1177 256 1218 299
mitosis 0.0033 352 1446 392 1470
mitosis 0.0031 1363 1313 1447 1378
mitosis 0.0031 1393 1228 1439 1269
mitosis 0.0031 1631 499 1662 542
mitosis 0.0028 7 1113 65 1147
mitosis 0.0028 1432 643 1518 728
mitosis 0.0028 1481 1435 1523 1475
mitosis 0.0027 73 -18 134 53
mitosis 0.0026 1317 45 1353 79
mitosis 0.0026 820 -3 869 24
mitosis 0.0025 231 95 328 165
mitosis 0.0024 1446 633 1489 671
mitosis 0.0024 1321 78 1399 154
mitosis 0.0022 1635 648 1664 685
mitosis 0.0022 1460 680 1504 735
mitosis 0.0021 142 77 184 113
mitosis 0.0021 890 640 976 707
mitosis 0.0020 480 1193 520 1220
mitosis 0.0020 282 282 344 363
mitosis 0.0019 200 1336 229 1362
mitosis 0.0019 605 1434 642 1466
mitosis 0.0019 1070 736 1130 811
mitosis 0.0018 876 1142 927 1184
mitosis 0.0018 150 797 221 881
mitosis 0.0018 520 777 559 813
mitosis 0.0018 1152 90 1195 127
mitosis 0.0018 350 69 439 132
mitosis 0.0018 1436 954 1474 989
mitosis 0.0017 99 161 137 194
mitosis 0.0017 535 1011 572 1049
mitosis 0.0017 1526 1064 1558 1094
mitosis 0.0016 219 1200 328 1277
mitosis 0.0016 526 1018 569 1069
mitosis 0.0016 1491 1328 1533 1363
mitosis 0.0015 734 161 772 199
mitosis 0.0015 527 1046 564 1076
mitosis 0.0015 1060 745 1146 832
mitosis 0.0014 1446 113 1487 154
mitosis 0.0014 1019 589 1082 641
mitosis 0.0014 254 107 321 157
mitosis 0.0014 65 -3 110 28
mitosis 0.0014 880 1412 987 1475
mitosis 0.0014 946 1188 988 1225
mitosis 0.0014 597 1431 651 1473
mitosis 0.0014 579 682 621 720
mitosis 0.0013 790 418 945 588
mitosis 0.0013 711 407 866 558
mitosis 0.0013 28 1397 132 1475
mitosis 0.0013 526 1227 573 1259
mitosis 0.0013 1551 1152 1579 1182
mitosis 0.0012 32 1174 72 1201
mitosis 0.0012 780 17 813 46
mitosis 0.0012 1379 296 1408 320
mitosis 0.0012 288 277 340 332
mitosis 0.0012 93 -2 145 31
mitosis 0.0012 835 559 917 627
mitosis 0.0012 1156 353 1190 392
mitosis 0.0012 176 778 235 823
mitosis 0.0012 -4 1095 91 1166
mitosis 0.0012 342 1443 416 1479
mitosis 0.0011 81 2 129 42
mitosis 0.0011 1124 940 1199 1005
mitosis 0.0011 873 603 963 680
mitosis 0.0011 37 715 80 748
mitosis 0.0011 801 279 955 405
mitosis 0.0011 -4 779 86 860
mitosis 0.0011 119 80 771 727
mitosis 0.0011 515 1213 573 1254
mitosis 0.0011 514 392 674 550
mitosis 0.0011 455 376 536 452
mitosis 0.0011 460 413 591 561
mitosis 0.0011 1104 131 1133 160
mitosis 0.0011 342 1412 502 1485
mitosis 0.0011 56 113 94 151
mitosis 0.0011 188 1333 221 1358
mitosis 0.0011 1530 1408 1657 1486
mitosis 0.0010 816 1222 869 1266
mitosis 0.0010 875 413 1038 585
mitosis 0.0010 532 568 625 638
mitosis 0.0010 799 0 861 39
mitosis 0.0010 344 1453 388 1477
mitosis 0.0010 874 280 1024 402
mitosis 0.0010 707 342 866 480
mitosis 0.0010 603 579 657 637
mitosis 0.0010 615 401 776 553
mitosis 0.0010 -3 656 107 774
mitosis 0.0010 1078 725 1135 787
mitosis 0.0010 368 379 550 477
mitosis 0.0010 408 503 444 537
mitosis 0.0010 705 268 867 401
mitosis 0.0010 567 560 644 630
mitosis 0.0010 829 -1 915 42
mitosis 0.0010 1343 1100 1412 1173
mitosis 0.0010 115 759 234 848
