mitosis 0.4332 945 476 999 522
mitosis 0.1821 900 547 945 591
mitosis 0.1556 1245 1032 1277 1066
mitosis 0.1327 981 411 1027 450
mitosis 0.1173 795 1300 848 1350
mitosis 0.0901 185 26 231 59
mitosis 0.0704 1160 187 1196 221
mitosis 0.0608 1166 576 1223 626
mitosis 0.0607 223 147 264 182
mitosis 0.0404 1260 404 1298 436
mitosis 0.0396 952 995 1004 1049
mitosis 0.0394 1226 217 1260 246
mitosis 0.0390 917 370 970 418
mitosis 0.0386 425 88 464 125
mitosis 0.0386 233 37 285 86
mitosis 0.0377 1629 1185 1664 1225
mitosis 0.0373 1602 63 1656 120
mitosis 0.0345 1633 1276 1663 1327
mitosis 0.0335 890 558 945 613
mitosis 0.0284 134 19 205 59
mitosis 0.0234 1231 1030 1283 1075
mitosis 0.0207 1395 839 1469 913
mitosis 0.0198 1433 700 1498 771
mitosis 0.0161 887 583 936 624
mitosis 0.0135 1573 313 1628 350
mitosis 0.0129 1500 1296 1536 1332
mitosis 0.0124 878 501 942 562
mitosis 0.0123 1267 105 1308 140
mitosis 0.0118 790 1285 859 1362
mitosis 0.0114 200 28 245 66
mitosis 0.0107 47 1041 81 1072
mitosis 0.0098 1618 52 1664 105
mitosis 0.0097 251 612 311 670
mitosis 0.0097 944 452 1015 533
mitosis 0.0096 359 650 405 694
mitosis 0.0088 552 16 590 48
mitosis 0.0084 154 18 227 55
mitosis 0.0083 1328 1264 1356 1297
mitosis 0.0078 1489 747 1533 793
mitosis 0.0076 1046 226 1090 261
mitosis 0.0070 879 539 963 614
mitosis 0.0070 1368 848 1462 947
mitosis 0.0061 938 985 1020 1057
mitosis 0.0058 1488 1280 1534 1330
mitosis 0.0058 582 1229 614 1268
mitosis 0.0057 971 393 1045 463
mitosis 0.0056 1481 1262 1519 1300
mitosis 0.0055 1573 372 1611 403
mitosis 0.0055 136 605 180 639
mitosis 0.0052 1211 208 1261 251
mitosis 0.0050 1211 1055 1252 1092
mitosis 0.0048 105 657 161 701
mitosis 0.0048 1446 717 1533 803
mitosis 0.0047 906 548 968 602
mitosis 0.0047 1610 1017 1648 1064
mitosis 0.0046 900 475 998 558
mitosis 0.0045 1154 558 1236 630
mitosis 0.0044 902 360 984 425
mitosis 0.0042 1381 189 1426 229
mitosis 0.0041 1634 47 1663 87
mitosis 0.0041 83 169 129 208
mitosis 0.0040 1162 594 1208 633
mitosis 0.0038 1620 1350 1653 1383
mitosis 0.0037 855 0 892 19
mitosis 0.0036 614 1158 638 1187
mitosis 0.0036 147 12 256 74
mitosis 0.0035 226 24 293 108
mitosis 0.0035 1476 863 1515 908
mitosis 0.0034 1357 1359 1390 1393
mitosis 0.0033 923 381 1017 459
mitosis 0.0032 112 634 171 695
mitosis 0.0029 1475 727 1547 795
mitosis 0.0029 1223 1017 1280 1098
mitosis 0.0028 809 1285 865 1341
mitosis 0.0028 507 1369 541 1405
mitosis 0.0028 1081 1181 1136 1236
mitosis 0.0027 1560 303 1644 369
mitosis 0.0026 211 139 255 179
mitosis 0.0026 866 496 923 545
mitosis 0.0026 129 26 167 56
mitosis 0.0025 338 1154 378 1197
mitosis 0.0025 1064 1168 1151 1250
mitosis 0.0025 671 1101 710 1136
mitosis 0.0025 215 129 284 197
mitosis 0.0023 1503 725 1556 786
mitosis 0.0023 181 778 224 815
mitosis 0.0022 1240 1013 1296 1078
mitosis 0.0022 1152 181 1187 216
mitosis 0.0021 1365 889 1425 958
mitosis 0.0021 110 835 152 875
mitosis 0.0021 1562 311 1606 347
mitosis 0.0020 653 818 679 857
mitosis 0.0020 944 963 999 1021
mitosis 0.0019 1374 655 1476 743
mitosis 0.0019 1372 873 1436 936
mitosis 0.0019 411 69 478 147
mitosis 0.0019 1296 1203 1412 1300
mitosis 0.0019 1081 1249 1125 1288
mitosis 0.0019 1596 312 1641 353
mitosis 0.0018 944 435 1787 1260
mitosis 0.0018 1440 734 1487 783
mitosis 0.0018 0 1440 55 1481
mitosis 0.0018 965 1004 1017 1053
mitosis 0.0018 938 488 997 541
mitosis 0.0018 1290 818 1452 928
mitosis 0.0018 0 1105 35 1158
mitosis 0.0018 1415 834 1487 901
mitosis 0.0018 1612 1178 1660 1233
mitosis 0.0018 1344 633 1436 703
mitosis 0.0018 461 1065 492 1104
mitosis 0.0017 359 714 411 761
mitosis 0.0017 1458 739 1521 792
mitosis 0.0017 893 577 967 628
mitosis 0.0017 1226 1463 1274 1484
mitosis 0.0016 989 404 1053 448
mitosis 0.0016 1427 849 1507 928
mitosis 0.0016 567 826 598 859
mitosis 0.0016 916 461 994 522
mitosis 0.0016 951 480 1032 529
mitosis 0.0016 218 714 281 765
mitosis 0.0016 1150 532 1218 602
mitosis 0.0015 224 152 275 196
mitosis 0.0015 872 982 1031 1164
mitosis 0.0015 1448 127 1500 175
mitosis 0.0015 946 958 989 993
mitosis 0.0015 1141 567 1257 701
mitosis 0.0015 1458 50 1502 84
mitosis 0.0015 124 4 215 71
mitosis 0.0015 777 394 1425 865
mitosis 0.0015 905 498 967 549
mitosis 0.0015 313 1146 373 1198
mitosis 0.0015 1383 818 1450 888
mitosis 0.0015 1294 524 1332 558
mitosis 0.0014 354 627 418 708
mitosis 0.0014 82 629 179 713
mitosis 0.0014 133 656 272 753
mitosis 0.0014 1589 76 1642 124
mitosis 0.0014 937 582 1282 705
mitosis 0.0014 1623 711 1661 764
mitosis 0.0013 630 948 664 990
mitosis 0.0013 229 607 323 689
mitosis 0.0013 1252 387 1321 451
mitosis 0.0013 1558 887 1609 945
mitosis 0.0013 17 340 66 388
mitosis 0.0013 1512 1292 1553 1330
mitosis 0.0013 52 153 158 226
mitosis 0.0013 782 549 954 713
mitosis 0.0013 929 354 991 413
mitosis 0.0013 158 1117 186 1147
mitosis 0.0013 1574 1122 1672 1245
mitosis 0.0013 1566 41 1658 126
mitosis 0.0013 688 1 810 78
mitosis 0.0013 1045 -14 1187 93
mitosis 0.0013 1213 1062 1371 1238
mitosis 0.0012 1623 1254 1665 1341
mitosis 0.0012 834 1284 868 1325
mitosis 0.0012 1349 170 1446 251
mitosis 0.0012 1368 912 1412 960
mitosis 0.0012 1572 76 1659 187
mitosis 0.0012 1020 189 1103 266
mitosis 0.0012 1230 314 1352 444
mitosis 0.0012 1636 1419 1663 1465
mitosis 0.0012 399 70 457 124
mitosis 0.0012 1146 171 1203 240
mitosis 0.0012 1556 1384 1674 1481
mitosis 0.0012 1464 349 1512 391
mitosis 0.0012 -7 1138 109 1295
mitosis 0.0012 689 984 746 1033
mitosis 0.0012 1297 858 1442 1007
mitosis 0.0012 1501 1175 1534 1213
mitosis 0.0012 1468 1259 1567 1352
mitosis 0.0012 1561 367 1605 398
mitosis 0.0012 1248 69 1345 143
mitosis 0.0012 1437 1096 1492 1145
mitosis 0.0012 1135 -9 1277 97
mitosis 0.0011 471 758 1430 1370
mitosis 0.0011 1450 741 1542 831
mitosis 0.0011 879 617 1039 790
mitosis 0.0011 1369 866 1503 997
mitosis 0.0011 2 818 112 908
mitosis 0.0011 453 1430 508 1483
mitosis 0.0011 1356 986 1403 1029
mitosis 0.0011 143 0 202 45
mitosis 0.0011 689 705 888 861
mitosis 0.0011 1151 179 1251 253
mitosis 0.0011 1568 350 1615 398
mitosis 0.0011 966 -15 1110 93
mitosis 0.0011 355 334 1378 910
mitosis 0.0011 1378 824 1501 921
mitosis 0.0011 1402 313 1536 413
mitosis 0.0011 979 1092 1152 1256
mitosis 0.0011 662 3 788 134
mitosis 0.0011 1046 252 1211 415
mitosis 0.0011 1161 197 1196 237
mitosis 0.0011 1562 961 1662 1077
mitosis 0.0011 1543 417 1671 548
mitosis 0.0011 787 601 977 784
mitosis 0.0011 1572 1174 1674 1300
mitosis 0.0011 331 1123 393 1195
mitosis 0.0011 1571 1261 1668 1374
mitosis 0.0010 1568 299 1619 344
mitosis 0.0010 43 1043 91 1084
mitosis 0.0010 -6 724 108 850
mitosis 0.0010 345 658 430 736
mitosis 0.0010 407 44 469 110
mitosis 0.0010 1298 -8 1435 90
mitosis 0.0010 698 15 830 140
mitosis 0.0010 1465 592 1634 737
mitosis 0.0010 1 719 35 765
mitosis 0.0010 170 708 288 798
mitosis 0.0010 -27 29 107 163
mitosis 0.0010 1387 884 1451 944
mitosis 0.0010 962 782 1136 939
mitosis 0.0010 1299 283 1453 406
mitosis 0.0010 1199 614 1389 768
mitosis 0.0010 429 1411 550 1480
mitosis 0.0010 91 171 151 213
mitosis 0.0010 243 564 337 676
mitosis 0.0010 1254 413 1300 451
mitosis 0.0010 537 1180 680 1296
mitosis 0.0010 1133 156 1222 235
mitosis 0.0010 958 970 1019 1036
mitosis 0.0010 1539 584 1677 716
mitosis 0.0010 546 1088 707 1226
mitosis 0.0010 1566 1002 1658 1107
mitosis 0.0010 606 743 757 866
mitosis 0.0010 872 558 1012 702
mitosis 0.0010 -3 573 25 632
mitosis 0.0010 1541 676 1662 780
mitosis 0.0010 1137 265 1308 419
mitosis 0.0010 24 851 73 890
