mitosis 0.6319 538 1270 597 1329
mitosis 0.5271 1457 772 1517 829
mitosis 0.5158 308 676 387 742
mitosis 0.5056 618 1362 687 1424
mitosis 0.3031 1115 1163 1191 1232
mitosis 0.2546 253 996 332 1056
mitosis 0.2056 296 906 381 977
mitosis 0.0770 7 1005 43 1036
mitosis 0.0656 272 920 371 1012
mitosis 0.0356 1212 1154 1273 1212
mitosis 0.0271 0 44 33 78
mitosis 0.0236 147 301 189 341
mitosis 0.0207 1542 902 1586 940
mitosis 0.0149 15 389 546 1012
mitosis 0.0142 276 135 313 168
mitosis 0.0134 510 1329 728 1562
mitosis 0.0132 414 1408 478 1452
mitosis 0.0123 294 647 440 787
mitosis 0.0122 1045 1140 1195 1314
mitosis 0.0122 167 644 397 791
mitosis 0.0120 205 985 361 1165
mitosis 0.0117 527 1254 591 1316
mitosis 0.0115 275 672 451 881
mitosis 0.0113 1555 421 1589 455
mitosis 0.0110 241 1100 998 1778
mitosis 0.0110 1198 372 1241 413
mitosis 0.0107 21 590 547 1260
mitosis 0.0107 475 1226 611 1385
mitosis 0.0106 341 137 372 167
mitosis 0.0096 195 1024 878 1549
mitosis 0.0093 196 878 379 1006
mitosis 0.0092 752 950 1477 1485
mitosis 0.0092 86 708 129 744
mitosis 0.0088 -94 391 814 1142
mitosis 0.0086 -115 738 682 1393
mitosis 0.0084 287 883 445 1001
mitosis 0.0073 537 1243 689 1369
mitosis 0.0073 1558 1193 1647 1282
mitosis 0.0071 1620 791 1652 840
mitosis 0.0070 218 942 355 1082
mitosis 0.0068 1540 574 1577 608
mitosis 0.0067 1573 1206 1639 1264
mitosis 0.0066 1120 1151 1264 1306
mitosis 0.0066 -1 269 26 319
mitosis 0.0065 544 1318 700 1451
mitosis 0.0065 270 916 449 1104
mitosis 0.0064 1357 21 1396 58
mitosis 0.0063 1173 409 1217 447
mitosis 0.0061 886 1454 952 1486
mitosis 0.0060 1043 1099 1198 1232
mitosis 0.0059 1636 72 1664 111
mitosis 0.0058 610 1327 782 1438
mitosis 0.0056 1182 378 1239 429
mitosis 0.0050 1576 1198 1626 1240
mitosis 0.0050 531 1255 629 1333
mitosis 0.0047 302 626 393 737
mitosis 0.0046 449 1289 621 1454
mitosis 0.0045 962 438 1006 483
mitosis 0.0044 253 962 378 1054
mitosis 0.0044 1466 392 1502 423
mitosis 0.0042 1379 779 1516 934
mitosis 0.0040 327 676 427 748
mitosis 0.0040 803 320 861 371
mitosis 0.0040 287 583 421 728
mitosis 0.0037 1258 818 1305 866
mitosis 0.0034 884 279 923 318
mitosis 0.0033 1 27 41 75
mitosis 0.0033 136 1005 168 1032
mitosis 0.0033 1404 739 1512 852
mitosis 0.0032 628 924 675 960
mitosis 0.0032 1231 1058 1278 1103
mitosis 0.0032 1065 454 1834 1088
mitosis 0.0031 308 696 402 758
mitosis 0.0031 440 1215 492 1261
mitosis 0.0031 1429 520 1473 555
mitosis 0.0031 1 785 54 830
mitosis 0.0029 1404 297 1442 326
mitosis 0.0029 1169 102 1207 144
mitosis 0.0029 1486 964 1535 1013
mitosis 0.0029 609 1367 788 1524
mitosis 0.0029 1522 329 1557 359
mitosis 0.0027 829 51 869 90
mitosis 0.0027 -10 960 384 1080
mitosis 0.0027 1460 729 1592 852
mitosis 0.0026 1547 877 1587 914
mitosis 0.0025 1630 277 1662 317
mitosis 0.0025 378 1 437 43
mitosis 0.0025 395 1403 494 1463
mitosis 0.0024 43 1456 83 1482
mitosis 0.0024 1570 1222 1632 1285
mitosis 0.0024 1120 728 1177 780
mitosis 0.0023 1466 786 1524 841
mitosis 0.0023 628 1083 688 1136
mitosis 0.0023 754 1081 801 1116
mitosis 0.0023 868 1426 973 1480
mitosis 0.0023 220 281 261 314
mitosis 0.0022 1569 1119 1601 1150
mitosis 0.0022 1120 1103 1272 1228
mitosis 0.0022 530 1292 605 1360
mitosis 0.0022 149 288 201 336
mitosis 0.0021 791 303 883 373
mitosis 0.0020 205 277 270 332
mitosis 0.0020 546 1250 611 1313
mitosis 0.0019 611 1080 704 1155
mitosis 0.0019 1604 253 1647 295
mitosis 0.0019 332 133 383 172
mitosis 0.0018 1474 56 1507 86
mitosis 0.0018 1617 531 1653 572
mitosis 0.0018 1616 1452 1660 1484
mitosis 0.0018 1165 361 1256 450
mitosis 0.0018 1540 885 1588 927
mitosis 0.0018 50 691 161 763
mitosis 0.0018 1610 795 1658 855
mitosis 0.0017 630 1379 700 1435
mitosis 0.0017 1492 959 1565 1019
mitosis 0.0017 701 150 764 198
mitosis 0.0017 1025 484 1076 536
mitosis 0.0017 894 1443 1009 1482
mitosis 0.0017 464 1185 597 1303
mitosis 0.0017 1136 636 1170 663
mitosis 0.0016 268 875 385 969
mitosis 0.0016 1218 797 1313 883
mitosis 0.0016 976 204 1016 241
mitosis 0.0016 611 469 654 506
mitosis 0.0016 607 1349 676 1409
mitosis 0.0016 457 131 513 180
mitosis 0.0016 1148 391 1246 493
mitosis 0.0015 672 1390 868 1495
mitosis 0.0015 1354 152 1393 189
mitosis 0.0015 1445 314 1487 347
mitosis 0.0015 582 1376 666 1463
mitosis 0.0015 1461 381 1498 416
mitosis 0.0015 146 279 239 344
mitosis 0.0015 680 130 785 202
mitosis 0.0015 1087 1142 1173 1226
mitosis 0.0014 1462 744 1548 833
mitosis 0.0014 1496 1253 1525 1280
mitosis 0.0014 341 778 547 962
mitosis 0.0014 1591 1224 1647 1274
mitosis 0.0014 -2 258 44 317
mitosis 0.0014 294 815 344 850
mitosis 0.0014 78 33 119 68
mitosis 0.0014 1600 256 1633 290
mitosis 0.0014 -3 676 39 752
mitosis 0.0014 1090 1184 1197 1291
mitosis 0.0014 266 973 335 1044
mitosis 0.0014 549 1284 620 1350
mitosis 0.0014 0 988 64 1053
mitosis 0.0014 1164 421 1231 491
mitosis 0.0014 1231 789 1294 863
mitosis 0.0013 1234 746 1268 777
mitosis 0.0013 1083 8 1127 54
mitosis 0.0013 1488 885 1521 911
mitosis 0.0013 1459 960 1553 1031
mitosis 0.0013 1612 256 1654 312
mitosis 0.0013 -12 751 92 840
mitosis 0.0013 932 416 1023 492
mitosis 0.0013 794 11 895 97
mitosis 0.0013 634 324 702 368
mitosis 0.0013 260 435 312 475
mitosis 0.0013 1531 1398 1646 1481
mitosis 0.0013 -6 783 85 864
mitosis 0.0013 1291 1315 1432 1428
mitosis 0.0013 1410 1081 1440 1111
mitosis 0.0013 1106 1118 1187 1200
mitosis 0.0013 141 1109 175 1135
mitosis 0.0013 4 1206 48 1240
mitosis 0.0013 1196 1066 1298 1173
mitosis 0.0013 1627 39 1662 107
mitosis 0.0013 1520 890 1577 934
mitosis 0.0012 1579 1127 1613 1160
mitosis 0.0012 363 0 465 75
mitosis 0.0012 1254 1412 1302 1444
mitosis 0.0012 1126 1176 1210 1251
mitosis 0.0012 1542 873 1599 951
mitosis 0.0012 1212 876 1261 924
mitosis 0.0012 1376 299 1435 333
mitosis 0.0012 1183 458 1235 503
mitosis 0.0012 689 705 741 750
mitosis 0.0012 -15 875 104 1010
mitosis 0.0012 325 680 514 847
mitosis 0.0012 651 78 702 124
mitosis 0.0012 1207 1111 1283 1198
mitosis 0.0012 1288 1209 1425 1347
mitosis 0.0011 1135 479 1194 533
mitosis 0.0011 1412 789 1501 866
mitosis 0.0011 585 1287 721 1425
mitosis 0.0011 1340 8 1395 58
mitosis 0.0011 1383 621 1441 659
mitosis 0.0011 1615 417 1649 448
mitosis 0.0011 1106 87 1142 120
mitosis 0.0011 1077 285 1119 321
mitosis 0.0011 1 868 35 924
mitosis 0.0011 1567 947 1610 991
mitosis 0.0011 100 -16 266 94
mitosis 0.0011 788 1084 1951 1637
mitosis 0.0011 1185 440 1235 490
mitosis 0.0011 207 -13 365 100
mitosis 0.0010 478 1259 584 1338
mitosis 0.0010 15 4 137 81
mitosis 0.0010 535 1239 574 1269
mitosis 0.0010 817 33 871 86
mitosis 0.0010 1484 929 1575 1009
mitosis 0.0010 1098 718 1193 796
mitosis 0.0010 1468 187 1503 216
mitosis 0.0010 -7 574 118 691
mitosis 0.0010 865 1326 1018 1478
mitosis 0.0010 592 1447 666 1494
mitosis 0.0010 340 1372 371 1402
mitosis 0.0010 1295 1393 1439 1474
mitosis 0.0010 1124 48 1264 159
mitosis 0.0010 1230 924 1826 1518
mitosis 0.0010 1392 287 1431 320
mitosis 0.0010 1187 1158 1359 1297
mitosis 0.0010 1064 437 1106 476
mitosis 0.0010 515 1275 576 1330
mitosis 0.0010 66 704 124 749
mitosis 0.0010 571 883 705 991
mitosis 0.0010 450 775 651 950
mitosis 0.0010 241 1208 274 1238
mitosis 0.0010 1266 662 1313 699
mitosis 0.0010 1183 340 1263 422
