mitosis 0.4762 148 911 196 956
mitosis 0.4752 798 867 847 918
mitosis 0.4649 1179 413 1229 459
mitosis 0.4020 1184 421 1245 473
mitosis 0.3280 1069 801 1119 846
mitosis 0.2447 137 1059 185 1101
mitosis 0.2333 1532 247 1582 293
mitosis 0.1949 1201 428 1260 483
mitosis 0.1817 1005 15 1056 63
mitosis 0.1562 1139 976 1210 1038
mitosis 0.0469 1134 969 1190 1021
mitosis 0.0452 1624 769 1660 812
mitosis 0.0445 1357 674 1390 709
mitosis 0.0434 1361 787 1412 832
mitosis 0.0354 1519 1429 1567 1480
mitosis 0.0335 142 896 205 968
mitosis 0.0320 221 914 255 952
mitosis 0.0299 1061 786 1125 858
mitosis 0.0235 777 869 863 928
mitosis 0.0231 1524 234 1595 303
mitosis 0.0217 64 1381 106 1419
mitosis 0.0212 1053 670 1095 707
mitosis 0.0186 1003 1 1066 80
mitosis 0.0177 851 760 898 800
mitosis 0.0174 1276 563 1328 603
mitosis 0.0168 461 1442 507 1480
mitosis 0.0159 194 906 253 956
mitosis 0.0148 154 314 205 355
mitosis 0.0142 127 1043 193 1119
mitosis 0.0137 1160 993 1216 1045
mitosis 0.0111 567 440 607 472
mitosis 0.0102 1551 253 1591 292
mitosis 0.0091 390 1175 477 1239
mitosis 0.0084 1107 981 1157 1027
mitosis 0.0079 1108 970 1198 1047
mitosis 0.0070 -1 383 31 419
mitosis 0.0070 1127 195 1166 232
mitosis 0.0070 438 1314 472 1346
mitosis 0.0068 1308 565 1345 602
mitosis 0.0064 1158 405 1236 475
mitosis 0.0060 1268 551 1348 613
mitosis 0.0054 1532 1039 1576 1094
mitosis 0.0053 1238 1323 1285 1367
mitosis 0.0052 1510 1416 1577 1491
mitosis 0.0051 342 1358 386 1396
mitosis 0.0049 1369 896 1413 946
mitosis 0.0049 1344 782 1430 847
mitosis 0.0048 1128 959 1268 1069
mitosis 0.0048 1521 225 1580 281
mitosis 0.0048 1149 963 1230 1029
mitosis 0.0047 1034 953 1212 1075
mitosis 0.0046 1134 414 1268 556
mitosis 0.0044 762 652 1468 1340
mitosis 0.0041 1398 629 1428 658
mitosis 0.0037 1171 390 1223 453
mitosis 0.0036 1122 995 1271 1156
mitosis 0.0036 851 100 1555 691
mitosis 0.0036 1157 357 1193 384
mitosis 0.0032 781 885 838 936
mitosis 0.0032 150 912 222 982
mitosis 0.0031 1616 750 1668 820
mitosis 0.0030 1517 49 1557 77
mitosis 0.0030 836 750 921 814
mitosis 0.0030 1135 355 1264 488
mitosis 0.0030 180 434 224 479
mitosis 0.0029 1193 403 1274 477
mitosis 0.0028 514 1270 549 1300
mitosis 0.0028 715 852 862 1001
mitosis 0.0027 134 295 225 366
mitosis 0.0026 1196 418 1350 544
mitosis 0.0026 421 278 462 324
mitosis 0.0026 458 1 514 33
mitosis 0.0025 1372 794 1421 843
mitosis 0.0024 -2 874 24 916
mitosis 0.0024 1361 674 1409 714
mitosis 0.0023 1111 1295 1148 1325
mitosis 0.0023 983 16 1042 70
mitosis 0.0023 1034 655 1123 730
mitosis 0.0022 588 1302 626 1335
mitosis 0.0022 374 49 419 90
mitosis 0.0022 1142 949 1210 1013
mitosis 0.0021 392 628 1179 1214
mitosis 0.0021 1504 214 1600 290
mitosis 0.0021 14 135 44 167
mitosis 0.0021 40 361 80 398
mitosis 0.0021 1215 443 1270 487
mitosis 0.0020 35 1298 74 1338
mitosis 0.0020 346 540 386 572
mitosis 0.0020 1210 1300 1299 1379
mitosis 0.0019 475 807 526 840
mitosis 0.0019 935 787 1133 931
mitosis 0.0019 117 903 214 999
mitosis 0.0019 791 866 931 994
mitosis 0.0019 958 21 1098 186
mitosis 0.0018 771 858 836 917
mitosis 0.0018 204 890 265 976
mitosis 0.0018 1066 779 1148 840
mitosis 0.0018 1606 737 1660 806
mitosis 0.0018 454 1416 521 1498
mitosis 0.0018 19 359 76 413
mitosis 0.0018 838 -100 1705 899
mitosis 0.0018 538 85 642 169
mitosis 0.0017 1281 580 1379 677
mitosis 0.0017 1247 1446 1292 1476
mitosis 0.0017 803 -15 940 77
mitosis 0.0017 717 814 857 920
mitosis 0.0017 1045 799 1184 915
mitosis 0.0016 1331 660 1424 747
mitosis 0.0016 1459 252 1598 415
mitosis 0.0015 1053 811 1112 857
mitosis 0.0015 576 1468 624 1487
mitosis 0.0015 1153 448 1309 633
mitosis 0.0015 690 1278 744 1321
mitosis 0.0015 809 355 940 466
mitosis 0.0015 992 34 1044 78
mitosis 0.0014 -1 417 35 493
mitosis 0.0014 96 1061 170 1113
mitosis 0.0014 1189 -155 2029 646
mitosis 0.0014 1474 194 1602 342
mitosis 0.0014 126 1049 175 1094
mitosis 0.0014 556 -260 1506 456
mitosis 0.0014 1219 -22 1845 515
mitosis 0.0014 368 245 403 280
mitosis 0.0014 848 640 1041 808
mitosis 0.0013 366 9 469 85
mitosis 0.0013 1550 580 1666 717
mitosis 0.0013 1101 169 1198 244
mitosis 0.0013 1586 750 1663 841
mitosis 0.0013 1186 350 1360 472
mitosis 0.0013 152 947 197 1004
mitosis 0.0013 1518 190 1563 232
mitosis 0.0013 -20 1079 110 1221
mitosis 0.0013 576 514 620 563
mitosis 0.0013 1350 880 1444 955
mitosis 0.0013 1180 382 1252 460
mitosis 0.0013 527 625 719 780
mitosis 0.0013 132 876 268 994
mitosis 0.0013 1364 653 1412 700
mitosis 0.0012 1517 182 1704 341
mitosis 0.0012 1614 773 1659 840
mitosis 0.0012 491 607 584 690
mitosis 0.0012 1253 1302 1434 1452
mitosis 0.0012 -177 618 412 1231
mitosis 0.0012 966 0 1046 56
mitosis 0.0012 846 352 1002 473
mitosis 0.0012 1114 943 1188 1015
mitosis 0.0012 727 883 887 1055
mitosis 0.0012 26 873 210 1002
mitosis 0.0012 473 1454 518 1485
mitosis 0.0012 353 1159 465 1240
mitosis 0.0012 1640 1099 1661 1150
mitosis 0.0012 508 617 562 665
mitosis 0.0012 1121 894 1256 1007
mitosis 0.0012 872 273 1034 410
mitosis 0.0012 551 1286 616 1334
mitosis 0.0012 1429 1316 1565 1449
mitosis 0.0012 455 433 514 470
mitosis 0.0012 969 -17 1105 107
mitosis 0.0012 1034 1000 1205 1154
mitosis 0.0011 813 879 916 938
mitosis 0.0011 1208 -15 1360 90
mitosis 0.0011 32 1363 130 1435
mitosis 0.0011 682 -237 1209 315
mitosis 0.0011 854 554 1046 727
mitosis 0.0011 532 710 730 863
mitosis 0.0011 369 1008 518 1166
mitosis 0.0011 793 275 957 420
mitosis 0.0011 1482 1357 1521 1407
mitosis 0.0011 1129 545 1316 699
mitosis 0.0011 1187 432 1265 509
mitosis 0.0011 346 965 456 1045
mitosis 0.0010 449 785 552 863
mitosis 0.0010 1297 1444 1354 1480
mitosis 0.0010 1526 1433 1602 1477
mitosis 0.0010 708 1008 884 1157
mitosis 0.0010 1511 536 1551 579
mitosis 0.0010 38 59 77 92
mitosis 0.0010 696 664 869 797
mitosis 0.0010 153 1063 211 1104
mitosis 0.0010 750 723 789 758
mitosis 0.0010 -26 1002 113 1142
mitosis 0.0010 1 112 46 172
mitosis 0.0010 490 921 535 952
mitosis 0.0010 866 187 1036 329
mitosis 0.0010 77 1392 270 1485
mitosis 0.0010 829 780 1017 915
mitosis 0.0010 371 427 397 457
