mitosis 0.2498 22 997 79 1048
mitosis 0.1478 63 35 111 77
mitosis 0.0728 482 588 530 630
mitosis 0.0242 37 1178 77 1216
mitosis 0.0226 1603 1404 1648 1439
mitosis 0.0214 1626 943 1663 991
mitosis 0.0172 1207 212 1259 258
mitosis 0.0132 652 1310 690 1341
mitosis 0.0124 -1 1323 19 1359
mitosis 0.0123 298 1278 334 1313
mitosis 0.0113 53 20 123 90
mitosis 0.0104 727 357 768 395
mitosis 0.0103 1550 1452 1626 1485
mitosis 0.0095 648 963 703 1008
mitosis 0.0082 1589 1070 1659 1132
mitosis 0.0077 478 569 537 645
mitosis 0.0060 535 236 573 270
mitosis 0.0059 615 748 662 790
mitosis 0.0050 523 1045 565 1091
mitosis 0.0043 339 1377 384 1413
mitosis 0.0043 1523 438 1578 488
mitosis 0.0042 1634 234 1665 274
mitosis 0.0040 926 1462 982 1486
mitosis 0.0040 634 951 728 1018
mitosis 0.0040 1587 1408 1651 1473
mitosis 0.0039 493 585 549 635
mitosis 0.0036 1580 1086 1624 1132
mitosis 0.0036 1334 1038 1378 1068
mitosis 0.0033 1185 182 1278 269
mitosis 0.0032 1590 17 1657 83
mitosis 0.0030 1560 1131 1596 1171
mitosis 0.0029 1414 1 1471 39
mitosis 0.0027 453 226 491 262
mitosis 0.0025 1544 1416 1643 1485
mitosis 0.0024 1465 22 1566 122
mitosis 0.0024 1609 926 1661 985
mitosis 0.0024 963 362 1010 403
mitosis 0.0022 1500 421 1596 496
mitosis 0.0022 32 704 74 746
mitosis 0.0021 -3 1448 31 1485
mitosis 0.0021 1017 491 1054 535
mitosis 0.0020 757 1391 802 1431
mitosis 0.0020 588 732 682 800
mitosis 0.0020 84 1456 141 1484
mitosis 0.0020 11 1395 45 1439
mitosis 0.0019 861 464 889 493
mitosis 0.0019 1102 1 1148 43
mitosis 0.0017 1009 1439 1120 1491
mitosis 0.0017 627 1001 759 1130
mitosis 0.0017 0 606 34 658
mitosis 0.0017 1134 1111 1166 1146
mitosis 0.0017 662 1096 705 1138
mitosis 0.0016 137 1252 168 1293
mitosis 0.0016 1533 802 1566 837
mitosis 0.0016 2 980 71 1048
mitosis 0.0016 1602 4 1666 69
mitosis 0.0016 1409 909 1464 951
mitosis 0.0015 614 784 779 926
mitosis 0.0015 1573 942 1666 1062
mitosis 0.0015 1306 339 1441 470
mitosis 0.0015 1574 918 1670 1011
mitosis 0.0014 334 1170 370 1200
mitosis 0.0014 1561 1125 1617 1179
mitosis 0.0014 1071 1445 1172 1486
mitosis 0.0014 1566 1443 1648 1487
mitosis 0.0014 435 1285 469 1325
mitosis 0.0014 720 365 763 411
mitosis 0.0014 281 1260 330 1311
mitosis 0.0014 718 268 767 301
mitosis 0.0014 -32 989 90 1167
mitosis 0.0014 607 655 790 787
mitosis 0.0013 683 309 793 393
mitosis 0.0013 905 1464 960 1488
mitosis 0.0013 703 877 867 1005
mitosis 0.0013 16 1132 55 1177
mitosis 0.0013 1380 354 1535 473
mitosis 0.0013 660 1455 705 1482
mitosis 0.0013 1466 284 1615 413
mitosis 0.0013 1375 270 1521 380
mitosis 0.0013 406 116 438 152
mitosis 0.0012 1548 1145 1664 1280
mitosis 0.0012 1042 598 1071 635
mitosis 0.0012 968 1438 1087 1493
mitosis 0.0012 453 597 588 722
mitosis 0.0012 -24 939 98 1084
mitosis 0.0012 1120 378 1151 414
mitosis 0.0012 1562 1362 1604 1402
mitosis 0.0012 890 890 1028 1008
mitosis 0.0012 1352 1382 1388 1414
mitosis 0.0012 1637 106 1664 156
mitosis 0.0012 704 785 877 934
mitosis 0.0012 920 1449 1016 1488
mitosis 0.0012 1384 1270 1491 1361
mitosis 0.0012 1030 1322 1190 1465
mitosis 0.0012 9 998 106 1081
mitosis 0.0012 792 873 959 1007
mitosis 0.0012 787 791 960 935
mitosis 0.0012 1310 511 1434 616
mitosis 0.0011 1405 1284 1462 1341
mitosis 0.0011 25 1417 150 1482
mitosis 0.0011 944 875 1098 1007
mitosis 0.0011 767 728 805 763
mitosis 0.0011 1551 1082 1650 1174
mitosis 0.0011 76 36 140 76
mitosis 0.0011 1545 1249 1674 1386
mitosis 0.0011 1309 273 1440 390
mitosis 0.0011 1547 284 1668 412
mitosis 0.0011 345 1385 516 1487
mitosis 0.0011 1086 5 1182 89
mitosis 0.0011 809 433 850 473
mitosis 0.0011 513 515 689 644
mitosis 0.0011 618 798 657 831
mitosis 0.0011 1195 135 1339 256
mitosis 0.0011 1509 57 1559 100
mitosis 0.0011 1549 199 1669 331
mitosis 0.0011 449 869 618 1006
mitosis 0.0011 802 578 964 709
mitosis 0.0011 493 831 523 859
mitosis 0.0011 625 936 697 1004
mitosis 0.0011 450 1400 624 1491
mitosis 0.0011 869 794 1029 935
mitosis 0.0010 1551 113 1667 259
mitosis 0.0010 314 1377 413 1457
mitosis 0.0010 451 421 616 586
mitosis 0.0010 796 229 836 267
mitosis 0.0010 646 -137 1912 652
mitosis 0.0010 -1 911 46 998
mitosis 0.0010 -1 766 22 808
mitosis 0.0010 -388 703 448 1271
mitosis 0.0010 2 1408 42 1469
mitosis 0.0010 501 1037 590 1103
mitosis 0.0010 922 1169 952 1203
mitosis 0.0010 112 1144 154 1196
mitosis 0.0010 292 1331 413 1434
mitosis 0.0010 956 947 1001 992
mitosis 0.0010 7 1153 99 1239
mitosis 0.0010 1311 415 1435 543
mitosis 0.0010 366 941 535 1078
mitosis 0.0010 761 1383 937 1480
mitosis 0.0010 498 576 651 677
mitosis 0.0010 1111 56 1155 93
mitosis 0.0010 1633 349 1664 396
mitosis 0.0010 470 593 524 652
mitosis 0.0010 782 486 963 635
mitosis 0.0010 964 439 1093 565
mitosis 0.0010 788 268 965 398
mitosis 0.0010 1636 126 1663 171
mitosis 0.0010 173 815 203 856
