mitosis 0.4700 1310 513 1389 587
mitosis 0.4655 931 415 1002 481
mitosis 0.3443 1272 941 1321 998
mitosis 0.0897 301 1407 332 1440
mitosis 0.0605 70 1189 110 1227
mitosis 0.0538 1397 744 1437 783
mitosis 0.0518 544 562 603 612
mitosis 0.0367 -1 1072 29 1111
mitosis 0.0347 1417 1441 1479 1483
mitosis 0.0273 744 246 799 305
mitosis 0.0252 37 875 88 916
mitosis 0.0249 567 191 610 228
mitosis 0.0229 434 962 480 1007
mitosis 0.0228 926 465 984 517
mitosis 0.0209 1330 929 1369 973
mitosis 0.0209 1013 1418 1085 1474
mitosis 0.0193 1316 -2 1371 27
mitosis 0.0169 180 246 216 277
mitosis 0.0165 1292 503 1433 632
mitosis 0.0165 975 230 1584 889
mitosis 0.0162 484 208 525 247
mitosis 0.0155 117 850 159 896
mitosis 0.0147 871 393 1031 582
mitosis 0.0143 1303 929 1365 981
mitosis 0.0136 1500 1138 1537 1181
mitosis 0.0135 1111 638 1150 671
mitosis 0.0134 1138 498 1417 639
mitosis 0.0130 666 579 716 623
mitosis 0.0128 435 1217 473 1256
mitosis 0.0120 807 1031 844 1068
mitosis 0.0118 1131 296 1169 326
mitosis 0.0113 621 51 1276 744
mitosis 0.0112 644 783 690 824
mitosis 0.0109 403 331 447 369
mitosis 0.0103 14 1401 58 1454
mitosis 0.0096 873 354 1027 494
mitosis 0.0096 215 209 249 241
mitosis 0.0095 133 235 167 272
mitosis 0.0080 1290 443 1422 574
mitosis 0.0072 927 381 1014 467
mitosis 0.0071 1426 959 1465 1001
mitosis 0.0069 878 1093 921 1132
mitosis 0.0067 332 596 361 630
mitosis 0.0067 665 114 707 144
mitosis 0.0060 564 271 597 306
mitosis 0.0058 1430 73 1483 110
mitosis 0.0057 289 1372 319 1399
mitosis 0.0057 930 344 1116 492
mitosis 0.0055 949 470 1010 513
mitosis 0.0053 1401 1426 1490 1485
mitosis 0.0053 797 1110 853 1156
mitosis 0.0050 540 547 620 621
mitosis 0.0048 1344 107 1402 166
mitosis 0.0047 1318 860 1362 899
mitosis 0.0047 1559 872 1597 912
mitosis 0.0045 1300 0 1361 21
mitosis 0.0045 927 406 1117 562
mitosis 0.0044 71 1173 110 1216
mitosis 0.0042 1345 1064 1381 1095
mitosis 0.0042 140 239 190 272
mitosis 0.0042 295 1376 326 1405
mitosis 0.0041 1312 498 1375 553
mitosis 0.0040 936 430 1016 502
mitosis 0.0039 571 -42 1470 985
mitosis 0.0039 918 438 990 510
mitosis 0.0038 534 243 593 301
mitosis 0.0038 1402 1452 1463 1484
mitosis 0.0038 729 233 814 308
mitosis 0.0038 16 1 66 26
mitosis 0.0037 414 945 500 1017
mitosis 0.0037 593 911 632 946
mitosis 0.0037 654 570 743 638
mitosis 0.0036 52 1396 79 1428
mitosis 0.0035 1 -3 63 34
mitosis 0.0035 926 1223 970 1264
mitosis 0.0035 1285 959 1340 1007
mitosis 0.0033 618 411 656 448
mitosis 0.0032 1053 1216 1093 1257
mitosis 0.0032 1265 699 1299 730
mitosis 0.0032 302 1316 338 1350
mitosis 0.0031 355 1436 416 1482
mitosis 0.0031 1336 532 1404 594
mitosis 0.0031 1118 906 1159 945
mitosis 0.0030 747 274 795 312
mitosis 0.0029 1210 951 1244 983
mitosis 0.0029 819 183 859 217
mitosis 0.0029 405 49 449 93
mitosis 0.0029 190 1271 227 1305
mitosis 0.0028 1389 725 1451 796
mitosis 0.0028 790 1444 843 1484
mitosis 0.0028 1235 933 1324 1005
mitosis 0.0028 1294 506 1366 564
mitosis 0.0028 254 1340 288 1368
mitosis 0.0027 1611 334 1646 372
mitosis 0.0027 294 214 332 252
mitosis 0.0027 538 216 604 288
mitosis 0.0027 1615 111 1650 151
mitosis 0.0027 1054 4 1106 41
mitosis 0.0026 827 174 871 213
mitosis 0.0026 361 0 416 33
mitosis 0.0026 1321 540 1387 605
mitosis 0.0026 1028 1409 1110 1470
mitosis 0.0025 1564 85 1651 164
mitosis 0.0025 939 1350 979 1389
mitosis 0.0025 16 1393 53 1432
mitosis 0.0025 101 840 190 906
mitosis 0.0025 860 68 908 107
mitosis 0.0024 878 595 914 625
mitosis 0.0024 465 743 505 779
mitosis 0.0024 1165 1348 1256 1434
mitosis 0.0024 300 1243 337 1277
mitosis 0.0023 331 1324 369 1368
mitosis 0.0023 61 1172 125 1244
mitosis 0.0023 1124 1 1180 37
mitosis 0.0023 703 282 738 315
mitosis 0.0023 985 471 1017 503
mitosis 0.0023 1026 1 1081 32
mitosis 0.0022 382 224 416 251
mitosis 0.0022 1306 74 1352 112
mitosis 0.0022 1186 1329 1249 1397
mitosis 0.0022 631 465 674 511
mitosis 0.0022 366 787 411 840
mitosis 0.0022 1208 1327 1246 1362
mitosis 0.0022 709 1380 764 1435
mitosis 0.0021 1060 1315 1100 1366
mitosis 0.0021 1441 634 1476 666
mitosis 0.0020 -2 380 35 414
mitosis 0.0020 563 178 611 252
mitosis 0.0020 199 349 241 386
mitosis 0.0019 707 877 754 917
mitosis 0.0019 1037 219 1090 269
mitosis 0.0019 1323 901 1374 998
mitosis 0.0018 169 1448 216 1482
mitosis 0.0018 766 493 818 531
mitosis 0.0018 125 43 164 84
mitosis 0.0017 1296 528 1369 593
mitosis 0.0017 11 1360 45 1395
mitosis 0.0017 1562 293 1669 397
mitosis 0.0017 785 1094 876 1166
mitosis 0.0017 1218 933 1341 1083
mitosis 0.0017 140 1440 213 1482
mitosis 0.0017 1326 5 1391 32
mitosis 0.0017 647 770 701 816
mitosis 0.0017 1 77 38 118
mitosis 0.0017 52 841 162 909
mitosis 0.0017 1469 508 1500 536
mitosis 0.0017 537 260 1168 701
mitosis 0.0016 505 485 540 524
mitosis 0.0016 29 859 104 931
mitosis 0.0016 342 1419 435 1485
mitosis 0.0016 34 888 79 921
mitosis 0.0016 1337 104 1390 150
mitosis 0.0016 773 193 807 226
mitosis 0.0016 190 216 240 265
mitosis 0.0016 481 299 520 340
mitosis 0.0016 911 1247 998 1332
mitosis 0.0015 687 1363 793 1445
mitosis 0.0015 235 208 308 253
mitosis 0.0015 908 1325 955 1360
mitosis 0.0015 1208 3 1254 24
mitosis 0.0015 1012 1378 1090 1462
mitosis 0.0015 1257 954 1317 1009
mitosis 0.0015 1263 927 1353 997
mitosis 0.0015 1169 1390 1228 1438
mitosis 0.0015 804 1009 860 1062
mitosis 0.0015 1315 943 1362 991
mitosis 0.0015 445 560 637 708
mitosis 0.0015 1507 1153 1544 1200
mitosis 0.0015 0 952 43 1013
mitosis 0.0015 1283 216 1323 250
mitosis 0.0015 361 11 469 94
mitosis 0.0014 548 619 715 772
mitosis 0.0014 191 -15 349 99
mitosis 0.0014 1226 532 1295 589
mitosis 0.0014 469 435 600 563
mitosis 0.0014 641 414 1065 586
mitosis 0.0014 1126 908 1183 969
mitosis 0.0014 110 2 250 97
mitosis 0.0014 305 1460 345 1484
mitosis 0.0014 1209 3 1283 31
mitosis 0.0014 -16 937 107 1056
mitosis 0.0014 1278 486 1380 573
mitosis 0.0014 1244 135 1304 180
mitosis 0.0013 1303 560 1415 706
mitosis 0.0013 1206 1391 1248 1429
mitosis 0.0013 0 1399 124 1479
mitosis 0.0013 1381 733 1441 775
mitosis 0.0013 80 928 111 955
mitosis 0.0013 1472 1121 1567 1201
mitosis 0.0013 315 1318 354 1354
mitosis 0.0013 10 1419 66 1473
mitosis 0.0013 426 880 584 1009
mitosis 0.0013 0 1069 47 1120
mitosis 0.0013 542 808 608 863
mitosis 0.0013 96 1047 129 1077
mitosis 0.0013 520 800 626 878
mitosis 0.0013 272 696 331 744
mitosis 0.0013 982 1063 1036 1112
mitosis 0.0013 926 1234 992 1297
mitosis 0.0013 221 1454 263 1485
mitosis 0.0013 480 184 551 263
mitosis 0.0013 1455 753 1492 788
mitosis 0.0013 1549 187 1680 336
mitosis 0.0013 1551 933 1670 1060
mitosis 0.0013 1008 559 1052 598
mitosis 0.0013 71 87 118 134
mitosis 0.0013 87 307 978 948
mitosis 0.0013 794 530 828 558
mitosis 0.0013 552 862 699 984
mitosis 0.0013 756 215 847 298
mitosis 0.0012 757 631 796 665
mitosis 0.0012 1130 202 1177 237
mitosis 0.0012 -8 696 103 824
mitosis 0.0012 880 1075 925 1125
mitosis 0.0012 1148 628 1193 662
mitosis 0.0012 534 175 631 244
mitosis 0.0012 -7 649 107 746
mitosis 0.0012 465 146 497 169
mitosis 0.0012 1598 91 1653 153
mitosis 0.0012 661 190 696 215
mitosis 0.0012 -5 1383 81 1465
mitosis 0.0012 1450 146 1485 174
mitosis 0.0012 151 845 192 885
mitosis 0.0012 556 1025 592 1058
mitosis 0.0012 -15 1036 100 1134
mitosis 0.0012 1536 1399 1658 1487
mitosis 0.0012 857 667 1700 1318
mitosis 0.0012 748 174 858 278
mitosis 0.0012 1398 167 1441 198
mitosis 0.0012 1402 735 1454 780
mitosis 0.0012 690 1231 867 1392
mitosis 0.0012 554 255 607 305
mitosis 0.0011 1396 755 1442 796
mitosis 0.0011 739 1409 864 1487
mitosis 0.0011 564 422 695 553
mitosis 0.0011 437 643 598 772
mitosis 0.0011 1063 1011 1103 1046
mitosis 0.0011 127 151 266 265
mitosis 0.0011 1271 923 1319 981
mitosis 0.0011 1155 1203 1273 1287
mitosis 0.0011 132 1231 266 1332
mitosis 0.0011 947 486 1088 609
mitosis 0.0011 829 253 1880 1003
mitosis 0.0011 1073 1325 1222 1446
mitosis 0.0011 371 5 446 54
mitosis 0.0011 1125 304 1171 338
mitosis 0.0011 563 917 722 1040
mitosis 0.0011 879 1313 993 1404
mitosis 0.0011 221 210 267 246
mitosis 0.0011 1310 971 1348 1003
mitosis 0.0011 1605 310 1657 375
mitosis 0.0011 387 904 435 961
mitosis 0.0011 1113 1094 1164 1144
mitosis 0.0011 125 211 247 291
mitosis 0.0011 1333 96 1430 167
mitosis 0.0011 1332 469 1370 502
mitosis 0.0011 257 1348 369 1437
mitosis 0.0010 1197 -5 1264 36
mitosis 0.0010 722 1084 1350 1791
mitosis 0.0010 31 943 161 1062
mitosis 0.0010 514 552 591 612
mitosis 0.0010 951 1262 994 1306
mitosis 0.0010 101 841 233 952
mitosis 0.0010 772 1426 885 1491
mitosis 0.0010 953 1370 1132 1530
mitosis 0.0010 712 631 759 665
mitosis 0.0010 1113 623 1164 668
mitosis 0.0010 169 606 204 640
mitosis 0.0010 790 565 957 680
mitosis 0.0010 1497 615 1540 652
mitosis 0.0010 330 412 366 453
mitosis 0.0010 604 770 716 845
mitosis 0.0010 1409 1432 1455 1472
mitosis 0.0010 0 693 50 752
mitosis 0.0010 -16 498 119 622
mitosis 0.0010 1540 861 1638 935
mitosis 0.0010 604 1417 642 1447
mitosis 0.0010 227 1287 367 1381
mitosis 0.0010 1123 628 1185 671
mitosis 0.0010 922 1019 971 1060
mitosis 0.0010 178 1187 217 1217
mitosis 0.0010 925 1231 1042 1331
mitosis 0.0010 501 195 606 284
mitosis 0.0010 210 1182 363 1297
mitosis 0.0010 801 1123 846 1168
mitosis 0.0010 1087 1071 1157 1142
mitosis 0.0010 601 438 731 549
mitosis 0.0010 747 259 822 312
mitosis 0.0010 1020 1199 1146 1289
mitosis 0.0010 297 971 350 1026
mitosis 0.0010 638 777 745 861
mitosis 0.0010 1418 58 1476 103
mitosis 0.0010 657 364 1058 495
mitosis 0.0010 405 1186 515 1279
mitosis 0.0010 564 1402 599 1438
mitosis 0.0010 1230 543 1281 579
mitosis 0.0010 1499 354 1552 400
mitosis 0.0010 1020 1255 1147 1381
