mitosis 0.5730 1093 57 1163 120
mitosis 0.3343 765 563 824 606
mitosis 0.1807 633 123 666 152
mitosis 0.0639 67 983 124 1037
mitosis 0.0405 1178 687 1260 772
mitosis 0.0324 332 192 368 227
mitosis 0.0284 758 545 840 616
mitosis 0.0260 112 335 157 368
mitosis 0.0197 685 149 738 199
mitosis 0.0180 1121 35 1183 102
mitosis 0.0172 177 1081 220 1115
mitosis 0.0166 944 1125 998 1173
mitosis 0.0158 1140 1296 1187 1335
mitosis 0.0155 315 1148 356 1182
mitosis 0.0125 1547 779 1595 822
mitosis 0.0124 1475 0 1527 40
mitosis 0.0106 540 7 576 47
mitosis 0.0105 1607 1447 1669 1486
mitosis 0.0105 1240 1374 1300 1429
mitosis 0.0090 1056 41 1181 197
mitosis 0.0090 800 -343 1441 397
mitosis 0.0086 188 89 232 129
mitosis 0.0085 1287 1323 1353 1367
mitosis 0.0076 1272 296 1322 348
mitosis 0.0071 1047 -14 1182 128
mitosis 0.0067 -4 481 35 527
mitosis 0.0062 1100 26 1273 194
mitosis 0.0059 50 976 143 1043
mitosis 0.0058 437 1073 472 1102
mitosis 0.0057 1103 41 1192 123
mitosis 0.0056 499 0 540 17
mitosis 0.0056 1136 36 1179 83
mitosis 0.0055 707 652 756 687
mitosis 0.0053 1124 681 1274 872
mitosis 0.0052 666 140 749 206
mitosis 0.0052 749 698 792 732
mitosis 0.0044 808 1447 870 1482
mitosis 0.0043 1207 954 1257 1002
mitosis 0.0042 1434 877 1474 908
mitosis 0.0041 65 7 163 82
mitosis 0.0041 929 1115 1022 1183
mitosis 0.0040 1639 843 1664 878
mitosis 0.0040 4 292 65 353
mitosis 0.0038 166 4 213 37
mitosis 0.0038 907 55 945 91
mitosis 0.0037 279 1125 309 1151
mitosis 0.0036 692 424 1700 1117
mitosis 0.0036 654 1432 695 1463
mitosis 0.0033 1302 576 1389 641
mitosis 0.0033 1252 283 1341 354
mitosis 0.0033 942 1026 976 1059
mitosis 0.0031 1601 0 1657 29
mitosis 0.0031 816 361 868 399
mitosis 0.0031 956 131 1051 212
mitosis 0.0030 1066 30 1160 119
mitosis 0.0030 1099 680 1136 712
mitosis 0.0029 1569 1419 1662 1486
mitosis 0.0029 1180 647 1366 778
mitosis 0.0029 665 926 708 964
mitosis 0.0028 321 182 373 221
mitosis 0.0028 1240 1347 1346 1428
mitosis 0.0028 79 24 147 76
mitosis 0.0028 118 339 168 378
mitosis 0.0028 154 690 198 727
mitosis 0.0027 297 44 331 71
mitosis 0.0027 789 1428 892 1485
mitosis 0.0027 1418 111 1459 146
mitosis 0.0027 970 146 1027 208
mitosis 0.0027 123 1435 163 1470
mitosis 0.0027 -2 813 31 855
mitosis 0.0026 144 352 186 393
mitosis 0.0026 294 1108 389 1188
mitosis 0.0026 945 759 995 794
mitosis 0.0025 1035 541 1070 571
mitosis 0.0025 1529 768 1621 833
mitosis 0.0025 307 878 345 906
mitosis 0.0025 310 1132 369 1180
mitosis 0.0025 1119 708 1169 761
mitosis 0.0024 1370 1259 1415 1292
mitosis 0.0024 1185 940 1273 1016
mitosis 0.0024 311 1154 368 1197
mitosis 0.0023 1138 686 1243 764
mitosis 0.0023 814 643 857 679
mitosis 0.0023 113 824 157 855
mitosis 0.0022 818 1443 903 1482
mitosis 0.0021 494 288 539 330
mitosis 0.0021 511 2 559 35
mitosis 0.0020 1568 717 1666 811
mitosis 0.0020 718 669 786 725
mitosis 0.0020 626 126 660 161
mitosis 0.0019 0 463 43 524
mitosis 0.0019 1599 729 1657 789
mitosis 0.0019 302 1072 359 1112
mitosis 0.0019 759 568 850 637
mitosis 0.0018 51 857 84 885
mitosis 0.0018 1262 1318 1360 1381
mitosis 0.0018 78 319 185 383
mitosis 0.0018 1635 1318 1667 1359
mitosis 0.0018 322 95 364 130
mitosis 0.0017 776 557 849 604
mitosis 0.0017 0 282 96 362
mitosis 0.0017 979 387 1043 441
mitosis 0.0017 1312 590 1373 634
mitosis 0.0016 317 189 357 225
mitosis 0.0016 377 1321 471 1395
mitosis 0.0016 1537 455 1580 489
mitosis 0.0016 1078 70 1170 163
mitosis 0.0016 1131 1431 1177 1474
mitosis 0.0016 1547 1147 1663 1272
mitosis 0.0016 145 1202 194 1237
mitosis 0.0016 877 1103 929 1142
mitosis 0.0016 1223 1378 1319 1445
mitosis 0.0015 757 542 819 593
mitosis 0.0015 734 -98 1303 316
mitosis 0.0015 321 168 386 243
mitosis 0.0015 1106 6 1195 87
mitosis 0.0015 1067 71 1129 124
mitosis 0.0015 1092 1072 1136 1113
mitosis 0.0015 621 1417 739 1474
mitosis 0.0015 1635 427 1664 464
mitosis 0.0015 603 955 699 1017
mitosis 0.0015 1456 -2 1548 55
mitosis 0.0014 1567 1133 1615 1173
mitosis 0.0014 157 53 264 139
mitosis 0.0014 315 1171 369 1206
mitosis 0.0014 1237 1395 1335 1465
mitosis 0.0014 969 379 1064 455
mitosis 0.0014 302 1060 350 1100
mitosis 0.0014 862 55 1176 203
mitosis 0.0013 99 1432 168 1476
mitosis 0.0013 783 1358 926 1480
mitosis 0.0013 729 687 788 734
mitosis 0.0013 224 1392 263 1431
mitosis 0.0013 869 5 972 109
mitosis 0.0013 1116 1287 1210 1358
mitosis 0.0013 83 1414 198 1478
mitosis 0.0013 -13 482 86 565
mitosis 0.0013 1415 271 1474 318
mitosis 0.0013 61 804 175 882
mitosis 0.0012 516 0 616 66
mitosis 0.0012 391 1340 453 1386
mitosis 0.0012 1616 897 1651 930
mitosis 0.0012 1556 1260 1671 1385
mitosis 0.0012 1100 682 1153 735
mitosis 0.0012 1399 800 1430 829
mitosis 0.0012 -7 1157 131 1289
mitosis 0.0012 -11 449 90 540
mitosis 0.0012 102 1203 204 1278
mitosis 0.0012 1556 868 1677 998
mitosis 0.0012 720 579 825 659
mitosis 0.0012 644 926 703 984
mitosis 0.0012 -9 1078 123 1211
mitosis 0.0012 1543 567 1669 690
mitosis 0.0012 -63 959 141 1073
mitosis 0.0012 510 640 553 674
mitosis 0.0012 1539 380 1667 497
mitosis 0.0011 266 588 309 621
mitosis 0.0011 1244 1357 1311 1414
mitosis 0.0011 526 1321 694 1457
mitosis 0.0011 917 1338 1072 1458
mitosis 0.0011 188 70 238 119
mitosis 0.0011 734 513 842 624
mitosis 0.0011 129 15 239 99
mitosis 0.0011 189 1329 355 1451
mitosis 0.0011 1184 -1 1327 90
mitosis 0.0011 1602 736 1644 777
mitosis 0.0011 288 1072 388 1141
mitosis 0.0011 970 1376 1101 1464
mitosis 0.0011 402 248 1164 848
mitosis 0.0011 325 526 366 559
mitosis 0.0011 138 1055 260 1131
mitosis 0.0011 637 -21 776 103
mitosis 0.0010 927 937 1117 1088
mitosis 0.0010 1547 961 1683 1090
mitosis 0.0010 1533 -8 1641 63
mitosis 0.0010 880 969 1022 1085
mitosis 0.0010 79 966 147 1028
mitosis 0.0010 126 1335 286 1449
mitosis 0.0010 1636 850 1661 891
mitosis 0.0010 1112 -12 1268 111
mitosis 0.0010 950 1032 1123 1164
mitosis 0.0010 726 -17 859 104
mitosis 0.0010 42 893 79 930
mitosis 0.0010 1534 510 1668 627
mitosis 0.0010 1287 594 1445 741
mitosis 0.0010 887 316 940 368
mitosis 0.0010 269 284 310 318
mitosis 0.0010 1458 664 1631 795
mitosis 0.0010 433 -11 564 81
mitosis 0.0010 1 -1 53 39
mitosis 0.0010 720 -520 1671 585
mitosis 0.0010 1280 288 1345 340
mitosis 0.0010 1352 1254 1409 1306
mitosis 0.0010 1484 -1 1569 44
mitosis 0.0010 706 646 826 728
mitosis 0.0010 1236 1445 1330 1486
mitosis 0.0010 380 43 1325 1072
mitosis 0.0010 1195 772 1378 942
mitosis 0.0010 -7 1401 136 1481
mitosis 0.0010 1580 1449 1655 1488
mitosis 0.0010 464 595 603 693
