mitosis 0.5238 1516 1043 1564 1090
mitosis 0.2354 666 -7 728 37
mitosis 0.1601 752 540 801 582
mitosis 0.1582 36 365 90 405
mitosis 0.1310 165 278 215 323
mitosis 0.1143 1450 1326 1494 1364
mitosis 0.1008 1567 112 1632 168
mitosis 0.1005 1437 437 1497 486
mitosis 0.0849 118 1231 206 1305
mitosis 0.0483 798 1358 850 1404
mitosis 0.0463 1423 906 1480 963
mitosis 0.0440 228 716 264 754
mitosis 0.0326 764 186 827 230
mitosis 0.0316 785 835 848 881
mitosis 0.0302 1631 1166 1662 1210
mitosis 0.0275 259 772 295 806
mitosis 0.0244 1426 1371 1484 1417
mitosis 0.0221 628 1 666 20
mitosis 0.0172 756 1148 788 1178
mitosis 0.0172 710 1136 745 1169
mitosis 0.0161 1530 341 1566 374
mitosis 0.0149 30 350 100 417
mitosis 0.0134 576 722 616 760
mitosis 0.0113 1451 1377 1486 1414
mitosis 0.0112 1507 1033 1567 1109
mitosis 0.0106 233 685 274 733
mitosis 0.0099 655 -1 747 50
mitosis 0.0084 746 526 811 596
mitosis 0.0078 766 828 859 895
mitosis 0.0077 1402 1263 1435 1296
mitosis 0.0076 417 1066 462 1107
mitosis 0.0075 4 694 43 737
mitosis 0.0074 645 0 712 35
mitosis 0.0072 156 263 222 335
mitosis 0.0071 876 999 929 1043
mitosis 0.0070 751 174 841 237
mitosis 0.0066 31 1224 209 1376
mitosis 0.0065 1438 1318 1500 1394
mitosis 0.0065 236 671 281 717
mitosis 0.0063 1560 78 1634 158
mitosis 0.0060 115 1229 271 1371
mitosis 0.0060 370 0 407 22
mitosis 0.0057 1357 891 1409 934
mitosis 0.0056 245 753 293 808
mitosis 0.0055 1412 1358 1496 1425
mitosis 0.0054 1289 1440 1326 1474
mitosis 0.0052 1503 289 1561 339
mitosis 0.0051 -274 948 507 1636
mitosis 0.0051 1523 1048 1589 1107
mitosis 0.0050 790 1347 863 1418
mitosis 0.0047 1023 1238 1063 1278
mitosis 0.0042 628 2 683 28
mitosis 0.0040 1066 251 1103 282
mitosis 0.0040 1516 322 1570 364
mitosis 0.0040 676 76 712 109
mitosis 0.0039 1503 562 1555 615
mitosis 0.0039 790 1167 842 1208
mitosis 0.0038 81 1166 111 1197
mitosis 0.0038 199 429 244 470
mitosis 0.0037 70 513 127 557
mitosis 0.0037 1526 1417 1628 1488
mitosis 0.0035 682 1244 725 1284
mitosis 0.0032 32 1186 205 1297
mitosis 0.0031 1543 49 1640 141
mitosis 0.0030 1560 70 1619 130
mitosis 0.0030 1136 523 1228 599
mitosis 0.0028 1485 20 1534 56
mitosis 0.0028 457 146 517 187
mitosis 0.0028 769 823 837 877
mitosis 0.0027 861 47 958 126
mitosis 0.0027 1412 1379 1457 1419
mitosis 0.0026 1492 2 1598 74
mitosis 0.0025 1528 100 1693 271
mitosis 0.0025 853 985 943 1051
mitosis 0.0025 1445 1361 1497 1416
mitosis 0.0025 1527 130 1589 173
mitosis 0.0024 877 718 921 754
mitosis 0.0023 118 1192 266 1291
mitosis 0.0023 1315 518 1362 555
mitosis 0.0023 639 84 672 111
mitosis 0.0023 313 412 371 463
mitosis 0.0022 1532 1431 1598 1482
mitosis 0.0021 727 1139 789 1183
mitosis 0.0021 0 386 33 423
mitosis 0.0020 1629 710 1662 759
mitosis 0.0020 1486 557 1573 622
mitosis 0.0020 5 872 50 932
mitosis 0.0020 157 266 205 315
mitosis 0.0020 6 381 46 417
mitosis 0.0020 146 41 199 85
mitosis 0.0020 1161 -178 2060 516
mitosis 0.0019 413 227 458 264
mitosis 0.0019 983 1224 1019 1256
mitosis 0.0018 923 1427 972 1464
mitosis 0.0018 21 363 70 405
mitosis 0.0018 1417 454 1488 522
mitosis 0.0018 122 8 219 86
mitosis 0.0017 1417 63 1650 192
mitosis 0.0017 1405 883 1490 963
mitosis 0.0017 581 729 632 770
mitosis 0.0016 134 1 185 36
mitosis 0.0016 784 827 889 917
mitosis 0.0016 1277 1450 1326 1481
mitosis 0.0016 1567 840 1623 886
mitosis 0.0016 652 9 744 93
mitosis 0.0016 1530 135 1565 167
mitosis 0.0016 1497 1042 1549 1087
mitosis 0.0016 648 80 691 110
mitosis 0.0015 884 57 940 121
mitosis 0.0015 1445 424 1515 494
mitosis 0.0015 220 503 277 554
mitosis 0.0015 766 189 865 275
mitosis 0.0015 1371 83 1418 120
mitosis 0.0015 742 551 795 597
mitosis 0.0015 697 525 777 575
mitosis 0.0015 1386 937 1502 1067
mitosis 0.0014 298 392 389 473
mitosis 0.0014 1629 328 1664 371
mitosis 0.0014 1532 63 1696 186
mitosis 0.0014 1071 21 1197 130
mitosis 0.0014 700 850 875 1015
mitosis 0.0014 429 127 526 194
mitosis 0.0014 636 -33 769 120
mitosis 0.0013 609 1393 648 1423
mitosis 0.0013 936 1402 1089 1481
mitosis 0.0013 948 -11 1100 100
mitosis 0.0013 119 410 154 441
mitosis 0.0013 802 239 871 302
mitosis 0.0013 760 1146 810 1184
mitosis 0.0013 1171 378 1222 419
mitosis 0.0013 1474 276 1566 351
mitosis 0.0013 1486 1016 1588 1151
mitosis 0.0013 1074 362 1167 435
mitosis 0.0013 689 519 724 550
mitosis 0.0013 709 201 856 325
mitosis 0.0013 1607 1173 1662 1233
mitosis 0.0012 1090 388 1159 439
mitosis 0.0012 447 931 499 975
mitosis 0.0012 119 1253 194 1324
mitosis 0.0012 230 685 285 760
mitosis 0.0012 1461 0 1564 71
mitosis 0.0012 73 275 197 358
mitosis 0.0012 1509 1025 1558 1080
mitosis 0.0012 1167 520 1214 561
mitosis 0.0012 1521 1022 1593 1089
mitosis 0.0012 654 539 732 610
mitosis 0.0012 558 711 611 762
mitosis 0.0012 929 1416 969 1453
mitosis 0.0012 1436 904 1506 969
mitosis 0.0012 1023 1410 1160 1480
mitosis 0.0012 540 717 648 779
mitosis 0.0012 778 430 945 566
mitosis 0.0011 1493 7 1560 56
mitosis 0.0011 815 1450 858 1480
mitosis 0.0011 715 44 854 206
mitosis 0.0011 1076 388 1177 484
mitosis 0.0011 720 795 869 934
mitosis 0.0011 1562 1113 1677 1237
mitosis 0.0011 57 791 96 825
mitosis 0.0011 1138 -9 1280 85
mitosis 0.0011 1542 1354 1669 1472
mitosis 0.0011 1605 1145 1658 1207
mitosis 0.0011 662 1307 699 1341
mitosis 0.0011 99 1240 175 1310
mitosis 0.0011 -2 653 97 768
mitosis 0.0011 610 2 663 33
mitosis 0.0011 1390 376 1506 479
mitosis 0.0011 0 812 111 931
mitosis 0.0011 1437 1383 1486 1428
mitosis 0.0011 846 371 905 414
mitosis 0.0010 1513 210 1648 332
mitosis 0.0010 47 494 136 563
mitosis 0.0010 1412 925 1477 982
mitosis 0.0010 297 620 1252 1236
mitosis 0.0010 776 180 858 226
mitosis 0.0010 94 1399 221 1484
mitosis 0.0010 240 713 288 757
mitosis 0.0010 1072 49 1817 754
mitosis 0.0010 1419 1276 1488 1332
mitosis 0.0010 132 1445 168 1479
mitosis 0.0010 397 147 440 178
mitosis 0.0010 855 1078 1047 1244
mitosis 0.0010 195 666 304 756
mitosis 0.0010 1130 775 1932 1348
mitosis 0.0010 1075 349 1129 396
mitosis 0.0010 578 1355 613 1381
mitosis 0.0010 1416 513 1454 545
mitosis 0.0010 2 856 109 960
mitosis 0.0010 334 -46 1233 563
mitosis 0.0010 1106 82 1147 121
mitosis 0.0010 18 1313 66 1366
mitosis 0.0010 1395 435 1509 545
mitosis 0.0010 1501 288 1598 360
mitosis 0.0010 758 1169 833 1222
mitosis 0.0010 238 726 306 818
mitosis 0.0010 728 1385 775 1435
mitosis 0.0010 1541 409 1657 525
mitosis 0.0010 1633 1145 1666 1203
mitosis 0.0010 323 -304 1084 364
mitosis 0.0010 707 434 755 470
mitosis 0.0010 1538 829 1639 906
mitosis 0.0010 297 -5 436 81
