mitosis 0.5040 1506 177 1577 248
mitosis 0.4348 1325 1258 1398 1327
mitosis 0.2775 1548 461 1589 500
mitosis 0.2678 1510 1326 1546 1358
mitosis 0.1849 859 1140 924 1194
mitosis 0.1543 193 512 253 565
mitosis 0.0552 180 1253 245 1311
mitosis 0.0551 715 547 792 608
mitosis 0.0400 822 1367 865 1415
mitosis 0.0374 193 1417 236 1462
mitosis 0.0143 1486 17 1517 43
mitosis 0.0128 1539 441 1599 517
mitosis 0.0128 1366 437 1418 481
mitosis 0.0126 1185 -118 1881 461
mitosis 0.0126 276 780 319 816
mitosis 0.0111 646 180 684 212
mitosis 0.0103 1542 1044 1581 1080
mitosis 0.0100 1469 120 1597 274
mitosis 0.0099 0 8 38 44
mitosis 0.0097 439 1124 493 1178
mitosis 0.0095 1472 179 1588 344
mitosis 0.0089 991 1031 1558 1560
mitosis 0.0089 1469 949 1507 982
mitosis 0.0087 600 1451 639 1485
mitosis 0.0080 1311 1239 1423 1380
mitosis 0.0077 1144 -353 2052 704
mitosis 0.0077 1134 942 1181 994
mitosis 0.0073 1305 1272 1384 1337
mitosis 0.0073 1132 1242 1423 1382
mitosis 0.0070 469 1344 502 1378
mitosis 0.0064 686 566 731 603
mitosis 0.0063 524 1380 559 1414
mitosis 0.0061 83 1314 116 1348
mitosis 0.0056 278 1028 342 1079
mitosis 0.0054 1501 1306 1562 1374
mitosis 0.0051 1492 89 1714 284
mitosis 0.0048 1292 1273 1436 1459
mitosis 0.0048 957 147 1001 190
mitosis 0.0047 818 1354 876 1425
mitosis 0.0045 1521 168 1590 234
mitosis 0.0042 242 40 283 76
mitosis 0.0042 177 1410 265 1476
mitosis 0.0040 875 1006 1844 1722
mitosis 0.0038 330 167 370 208
mitosis 0.0036 188 1429 228 1467
mitosis 0.0034 1579 258 1611 292
mitosis 0.0034 150 1243 180 1271
mitosis 0.0032 136 1226 274 1379
mitosis 0.0031 194 530 248 584
mitosis 0.0029 1349 426 1427 493
mitosis 0.0029 566 548 618 589
mitosis 0.0028 641 855 677 883
mitosis 0.0027 61 302 93 329
mitosis 0.0027 349 115 395 158
mitosis 0.0027 1310 1184 1404 1321
mitosis 0.0026 332 100 360 127
mitosis 0.0026 -208 987 608 1583
mitosis 0.0026 576 1106 613 1139
mitosis 0.0026 795 1133 934 1317
mitosis 0.0025 426 1114 513 1187
mitosis 0.0024 1603 1068 1631 1099
mitosis 0.0024 843 1123 915 1189
mitosis 0.0023 281 701 325 733
mitosis 0.0023 812 1098 934 1227
mitosis 0.0022 274 130 312 164
mitosis 0.0022 490 834 1244 1446
mitosis 0.0022 952 434 990 468
mitosis 0.0022 707 194 748 230
mitosis 0.0022 1301 833 1358 886
mitosis 0.0021 979 920 1024 966
mitosis 0.0021 1114 932 1200 1004
mitosis 0.0021 826 537 870 569
mitosis 0.0021 711 552 846 709
mitosis 0.0021 136 1181 267 1306
mitosis 0.0021 693 1372 747 1427
mitosis 0.0020 487 41 531 77
mitosis 0.0020 181 478 276 562
mitosis 0.0019 1274 136 1610 261
mitosis 0.0019 1379 429 1434 480
mitosis 0.0019 727 944 765 977
mitosis 0.0019 -8 1081 117 1218
mitosis 0.0019 331 105 378 147
mitosis 0.0019 874 1125 947 1192
mitosis 0.0018 622 505 797 634
mitosis 0.0018 1491 183 1555 242
mitosis 0.0017 392 1275 430 1313
mitosis 0.0017 190 1394 249 1457
mitosis 0.0017 339 195 1053 917
mitosis 0.0017 931 124 1027 194
mitosis 0.0017 1071 234 1121 282
mitosis 0.0016 868 1095 1017 1226
mitosis 0.0016 1177 1114 1210 1152
mitosis 0.0016 717 498 814 600
mitosis 0.0016 721 514 853 622
mitosis 0.0015 1621 319 1659 361
mitosis 0.0015 176 1209 370 1374
mitosis 0.0015 44 1083 197 1229
mitosis 0.0014 542 1433 574 1464
mitosis 0.0014 619 544 788 718
mitosis 0.0014 -258 785 796 1800
mitosis 0.0014 200 1429 251 1475
mitosis 0.0014 576 1432 644 1488
mitosis 0.0013 434 133 492 178
mitosis 0.0013 663 57 696 86
mitosis 0.0013 201 561 235 591
mitosis 0.0013 1479 5 1518 47
mitosis 0.0013 859 1141 952 1221
mitosis 0.0013 -12 1004 120 1142
mitosis 0.0012 637 1284 676 1327
mitosis 0.0012 254 763 347 834
mitosis 0.0012 1345 1290 1400 1340
mitosis 0.0012 1521 448 1579 496
mitosis 0.0012 -126 964 219 1320
mitosis 0.0012 707 624 874 774
mitosis 0.0012 -497 942 551 1349
mitosis 0.0012 557 18 617 75
mitosis 0.0012 643 176 773 278
mitosis 0.0012 693 1361 847 1469
mitosis 0.0012 234 22 293 75
mitosis 0.0012 599 1436 670 1487
mitosis 0.0011 1281 1229 1391 1338
mitosis 0.0011 1639 911 1665 956
mitosis 0.0011 378 1447 434 1482
mitosis 0.0011 -10 1162 118 1304
mitosis 0.0011 315 110 421 202
mitosis 0.0011 152 504 262 628
mitosis 0.0011 194 479 364 632
mitosis 0.0011 1615 1353 1650 1385
mitosis 0.0011 1232 649 1286 694
mitosis 0.0010 530 9 621 85
mitosis 0.0010 261 768 317 812
mitosis 0.0010 -20 930 119 1062
mitosis 0.0010 700 711 863 852
mitosis 0.0010 22 924 214 1067
mitosis 0.0010 919 1232 976 1305
mitosis 0.0010 779 446 933 572
mitosis 0.0010 439 649 486 698
mitosis 0.0010 211 8 321 94
mitosis 0.0010 35 1003 202 1141
mitosis 0.0010 159 578 191 608
mitosis 0.0010 683 1184 713 1210
mitosis 0.0010 312 1164 365 1214
mitosis 0.0010 1454 -1 1587 83
mitosis 0.0010 836 1149 907 1220
mitosis 0.0010 138 1399 245 1479
mitosis 0.0010 541 75 587 117
mitosis 0.0010 575 551 657 602
mitosis 0.0010 622 617 800 778
mitosis 0.0010 986 927 1039 981
