mitosis 0.4709 1519 625 1606 705
mitosis 0.3594 1301 741 1363 795
mitosis 0.3553 924 7 981 62
mitosis 0.2902 1173 200 1229 247
mitosis 0.1281 85 931 160 1003
mitosis 0.1225 484 1076 529 1129
mitosis 0.0992 390 859 443 917
mitosis 0.0747 1499 1183 1533 1221
mitosis 0.0686 1586 1259 1637 1311
mitosis 0.0653 1060 1433 1097 1476
mitosis 0.0589 1386 1217 1431 1265
mitosis 0.0282 29 -2 90 32
mitosis 0.0250 1342 485 1398 530
mitosis 0.0209 574 100 609 153
mitosis 0.0175 1460 599 1608 813
mitosis 0.0170 1168 181 1244 252
mitosis 0.0169 440 841 498 897
mitosis 0.0166 389 839 464 927
mitosis 0.0166 42 390 72 426
mitosis 0.0156 183 220 211 250
mitosis 0.0138 1214 288 1852 952
mitosis 0.0119 166 1135 220 1183
mitosis 0.0114 102 955 162 1011
mitosis 0.0114 1470 574 1599 720
mitosis 0.0101 1511 567 1697 720
mitosis 0.0101 1034 1136 1074 1173
mitosis 0.0099 1614 478 1669 534
mitosis 0.0098 50 943 126 1021
mitosis 0.0089 669 89 715 137
mitosis 0.0083 942 5 997 56
mitosis 0.0073 1570 1251 1648 1328
mitosis 0.0072 1514 613 1693 793
mitosis 0.0071 1635 17 1666 65
mitosis 0.0064 1560 335 1613 378
mitosis 0.0058 60 931 173 1083
mitosis 0.0055 466 1064 548 1138
mitosis 0.0054 368 63 433 119
mitosis 0.0053 806 1147 838 1180
mitosis 0.0053 1203 1403 1247 1452
mitosis 0.0046 1050 666 1095 703
mitosis 0.0044 117 208 142 236
mitosis 0.0042 1329 475 1414 541
mitosis 0.0042 42 963 95 1024
mitosis 0.0042 -324 662 556 1314
mitosis 0.0041 1057 1416 1113 1488
mitosis 0.0037 834 370 877 416
mitosis 0.0036 496 651 551 705
mitosis 0.0036 885 -33 1011 130
mitosis 0.0035 344 39 436 116
mitosis 0.0033 1206 711 1372 868
mitosis 0.0032 1191 200 1249 253
mitosis 0.0031 331 9 378 53
mitosis 0.0031 1083 1397 1131 1441
mitosis 0.0031 1619 1057 1655 1096
mitosis 0.0031 600 -293 1303 341
mitosis 0.0031 1633 182 1664 227
mitosis 0.0030 311 1413 350 1452
mitosis 0.0030 57 892 175 1004
mitosis 0.0030 476 1272 518 1310
mitosis 0.0029 1378 1195 1439 1275
mitosis 0.0028 1162 1456 1210 1490
mitosis 0.0028 37 447 70 490
mitosis 0.0027 897 438 1652 1111
mitosis 0.0026 -94 938 149 1093
mitosis 0.0026 660 199 704 270
mitosis 0.0026 1074 393 1113 434
mitosis 0.0026 1057 1396 1146 1474
mitosis 0.0025 129 1208 175 1252
mitosis 0.0022 1581 466 1664 554
mitosis 0.0022 25 207 62 243
mitosis 0.0022 1545 316 1637 391
mitosis 0.0021 564 86 614 170
mitosis 0.0021 880 27 1001 195
mitosis 0.0021 766 1249 800 1278
mitosis 0.0021 1420 1367 1460 1400
mitosis 0.0020 1238 982 1271 1013
mitosis 0.0020 1281 1453 1352 1486
mitosis 0.0020 386 851 501 1010
mitosis 0.0020 1296 728 1428 849
mitosis 0.0019 937 1281 975 1314
mitosis 0.0019 12 -2 101 59
mitosis 0.0019 1315 738 1391 795
mitosis 0.0018 1506 639 1578 706
mitosis 0.0018 550 1323 581 1359
mitosis 0.0018 536 103 563 138
mitosis 0.0018 839 978 888 1020
mitosis 0.0017 956 368 993 406
mitosis 0.0017 1286 706 1362 801
mitosis 0.0017 522 337 557 372
mitosis 0.0017 1277 739 1364 835
mitosis 0.0017 1171 1382 1261 1471
mitosis 0.0017 385 882 437 930
mitosis 0.0017 1493 1161 1550 1234
mitosis 0.0017 185 384 224 418
mitosis 0.0016 1134 189 1265 335
mitosis 0.0016 111 367 162 413
mitosis 0.0016 649 65 738 149
mitosis 0.0016 52 8 107 37
mitosis 0.0016 258 939 302 974
mitosis 0.0016 445 1267 545 1351
mitosis 0.0015 922 -56 1126 135
mitosis 0.0015 301 864 443 1007
mitosis 0.0015 573 -562 1465 629
mitosis 0.0015 843 -134 1556 489
mitosis 0.0015 110 912 269 1077
mitosis 0.0015 1295 672 1421 786
mitosis 0.0015 684 -14 1019 127
mitosis 0.0015 539 67 642 159
mitosis 0.0015 0 178 107 299
mitosis 0.0015 371 1143 432 1183
mitosis 0.0015 873 1032 925 1077
mitosis 0.0015 1344 1165 1388 1210
mitosis 0.0014 1178 1418 1245 1472
mitosis 0.0014 1194 1335 1337 1468
mitosis 0.0014 -352 448 715 1555
mitosis 0.0014 534 746 577 795
mitosis 0.0013 813 1035 869 1084
mitosis 0.0013 1139 135 1266 261
mitosis 0.0013 1120 -10 1265 101
mitosis 0.0013 28 465 701 1225
mitosis 0.0013 90 331 190 429
mitosis 0.0013 1592 1266 1659 1333
mitosis 0.0013 815 337 911 430
mitosis 0.0013 1144 205 1210 252
mitosis 0.0013 304 828 442 924
mitosis 0.0012 -138 886 196 1012
mitosis 0.0012 1563 1256 1624 1311
mitosis 0.0012 1607 1043 1659 1094
mitosis 0.0012 1324 459 1391 529
mitosis 0.0012 1179 206 1238 267
mitosis 0.0012 477 1176 614 1343
mitosis 0.0012 1535 586 1642 686
mitosis 0.0012 505 1020 533 1052
mitosis 0.0012 939 359 990 405
mitosis 0.0012 1068 1436 1125 1482
mitosis 0.0012 645 179 735 278
mitosis 0.0012 35 384 81 432
mitosis 0.0012 797 -9 970 153
mitosis 0.0012 1218 -8 1361 93
mitosis 0.0012 301 5 407 94
mitosis 0.0011 390 821 508 921
mitosis 0.0011 41 1385 192 1479
mitosis 0.0011 645 90 739 228
mitosis 0.0011 74 904 149 978
mitosis 0.0011 1372 1223 1422 1271
mitosis 0.0011 871 0 974 55
mitosis 0.0011 850 333 879 360
mitosis 0.0011 151 1124 237 1204
mitosis 0.0011 852 1018 923 1082
mitosis 0.0011 268 1389 380 1469
mitosis 0.0011 1252 189 1284 227
mitosis 0.0011 1136 191 1212 239
mitosis 0.0011 901 315 1024 420
mitosis 0.0011 928 22 990 83
mitosis 0.0011 1287 -12 1432 93
mitosis 0.0011 0 1136 33 1206
mitosis 0.0011 105 975 159 1022
mitosis 0.0010 0 0 72 44
mitosis 0.0010 1576 1033 1662 1124
mitosis 0.0010 12 203 70 263
mitosis 0.0010 568 1229 602 1268
mitosis 0.0010 1243 1241 1271 1280
mitosis 0.0010 949 925 1132 1091
mitosis 0.0010 -7 719 110 851
mitosis 0.0010 -4 1381 108 1476
mitosis 0.0010 478 632 566 720
mitosis 0.0010 625 1289 798 1450
mitosis 0.0010 865 857 1026 1023
mitosis 0.0010 987 1057 1120 1204
mitosis 0.0010 830 1032 899 1082
mitosis 0.0010 0 1106 37 1183
mitosis 0.0010 1574 0 1669 85
mitosis 0.0010 760 143 787 166
mitosis 0.0010 452 1078 598 1221
mitosis 0.0010 1601 522 1670 617
mitosis 0.0010 1546 876 1665 1005
mitosis 0.0010 -5 783 120 948
mitosis 0.0010 1393 1214 1468 1265
mitosis 0.0010 465 966 589 1138
mitosis 0.0010 1155 1445 1222 1485
mitosis 0.0010 699 1391 875 1490
mitosis 0.0010 1 484 45 581
mitosis 0.0010 395 1166 542 1337
mitosis 0.0010 337 1315 379 1357
mitosis 0.0010 1553 1232 1676 1382
mitosis 0.0010 103 -10 264 82
mitosis 0.0010 999 823 1033 854
mitosis 0.0010 332 1124 369 1154
mitosis 0.0010 540 1171 674 1298
