mitosis 0.6024 469 1391 533 1443
mitosis 0.2991 129 142 183 200
mitosis 0.2466 45 368 96 412
mitosis 0.2172 1286 343 1352 393
mitosis 0.0433 1602 184 1656 220
mitosis 0.0385 1148 821 1188 854
mitosis 0.0337 921 536 967 576
mitosis 0.0283 7 1409 64 1465
mitosis 0.0282 1534 1367 1587 1414
mitosis 0.0263 5 49 58 103
mitosis 0.0263 1280 322 1365 402
mitosis 0.0255 299 52 345 96
mitosis 0.0207 1332 1440 1380 1477
mitosis 0.0193 883 349 922 385
mitosis 0.0189 19 1440 61 1474
mitosis 0.0180 1582 809 1627 849
mitosis 0.0170 15 758 52 790
mitosis 0.0149 994 1114 1037 1152
mitosis 0.0135 484 1397 558 1446
mitosis 0.0132 460 1394 509 1435
mitosis 0.0107 1323 1205 1361 1236
mitosis 0.0106 1566 1258 1605 1295
mitosis 0.0100 1391 278 1423 305
mitosis 0.0094 1359 1340 1401 1373
mitosis 0.0093 247 1193 292 1237
mitosis 0.0088 39 359 94 435
mitosis 0.0087 -2 360 34 406
mitosis 0.0079 350 1355 555 1542
mitosis 0.0078 1200 1111 1239 1149
mitosis 0.0076 646 50 698 102
mitosis 0.0074 108 1006 163 1052
mitosis 0.0071 469 1406 543 1459
mitosis 0.0069 1333 740 1373 781
mitosis 0.0069 109 1139 792 1740
mitosis 0.0064 516 1144 559 1191
mitosis 0.0061 15 364 55 402
mitosis 0.0061 453 1365 609 1538
mitosis 0.0057 1199 315 1367 494
mitosis 0.0052 777 900 812 933
mitosis 0.0051 191 735 225 771
mitosis 0.0050 365 97 411 144
mitosis 0.0050 1637 736 1665 773
mitosis 0.0048 713 82 758 120
mitosis 0.0044 970 750 1010 787
mitosis 0.0044 693 313 728 350
mitosis 0.0042 1319 221 1354 251
mitosis 0.0041 1244 653 1288 691
mitosis 0.0041 138 122 202 193
mitosis 0.0040 1590 170 1665 233
mitosis 0.0040 886 112 1679 699
mitosis 0.0038 1057 24 1111 69
mitosis 0.0038 1342 395 1379 427
mitosis 0.0037 677 374 716 412
mitosis 0.0037 113 151 179 222
mitosis 0.0037 457 1316 602 1463
mitosis 0.0036 819 1349 856 1388
mitosis 0.0036 836 264 874 299
mitosis 0.0036 1578 747 1618 782
mitosis 0.0035 376 331 424 372
mitosis 0.0034 1582 182 1622 215
mitosis 0.0034 1154 921 1205 964
mitosis 0.0034 24 356 114 418
mitosis 0.0033 589 1181 623 1216
mitosis 0.0033 957 1340 1001 1385
mitosis 0.0033 1514 1360 1600 1421
mitosis 0.0030 1427 1222 1479 1261
mitosis 0.0030 1294 790 1332 823
mitosis 0.0028 1276 320 1336 372
mitosis 0.0027 1532 835 1572 864
mitosis 0.0027 91 990 179 1055
mitosis 0.0026 -1 38 83 123
mitosis 0.0026 1563 795 1648 858
mitosis 0.0025 1272 329 1438 488
mitosis 0.0025 1267 349 1339 402
mitosis 0.0024 1208 288 1362 402
mitosis 0.0023 1582 178 1644 221
mitosis 0.0023 386 499 425 535
mitosis 0.0023 903 529 985 584
mitosis 0.0022 860 62 907 95
mitosis 0.0022 600 1352 657 1402
mitosis 0.0022 389 366 489 459
mitosis 0.0021 0 73 57 148
mitosis 0.0021 61 127 181 255
mitosis 0.0021 1275 286 1441 402
mitosis 0.0021 936 1184 971 1214
mitosis 0.0021 684 327 729 384
mitosis 0.0020 1320 1449 1373 1483
mitosis 0.0020 365 1320 546 1451
mitosis 0.0020 1140 902 1230 978
mitosis 0.0020 1310 1427 1407 1480
mitosis 0.0019 -270 -96 507 447
mitosis 0.0019 477 1364 537 1431
mitosis 0.0019 1639 441 1664 480
mitosis 0.0018 1563 2 1666 97
mitosis 0.0018 785 5 836 46
mitosis 0.0018 1062 609 1109 645
mitosis 0.0018 1078 1020 1123 1061
mitosis 0.0018 358 325 448 390
mitosis 0.0018 1303 0 1345 18
mitosis 0.0018 637 37 731 110
mitosis 0.0018 341 286 371 315
mitosis 0.0017 1131 803 1223 872
mitosis 0.0017 370 330 468 414
mitosis 0.0016 942 1235 974 1270
mitosis 0.0016 496 1133 581 1202
mitosis 0.0016 1615 639 1657 682
mitosis 0.0016 1181 1459 1225 1482
mitosis 0.0016 1350 1045 1403 1094
mitosis 0.0016 583 1347 686 1424
mitosis 0.0015 1548 757 1657 847
mitosis 0.0015 1548 1234 1657 1331
mitosis 0.0015 1561 618 1673 721
mitosis 0.0015 1375 282 1430 328
mitosis 0.0014 -4 5 58 65
mitosis 0.0014 1445 295 1490 327
mitosis 0.0014 1569 68 1666 187
mitosis 0.0014 1523 1373 1632 1457
mitosis 0.0014 586 1159 640 1218
mitosis 0.0014 286 34 375 108
mitosis 0.0013 787 1319 889 1401
mitosis 0.0013 897 673 949 714
mitosis 0.0013 1596 28 1658 84
mitosis 0.0013 303 51 397 130
mitosis 0.0013 1562 691 1663 798
mitosis 0.0013 876 332 937 406
mitosis 0.0013 229 1174 322 1255
mitosis 0.0013 573 1136 674 1222
mitosis 0.0013 972 1095 1066 1173
mitosis 0.0013 1296 694 1414 798
mitosis 0.0013 134 136 252 244
mitosis 0.0013 321 1393 477 1485
mitosis 0.0013 710 412 868 577
mitosis 0.0013 811 429 965 589
mitosis 0.0013 1072 1419 1125 1459
mitosis 0.0013 1154 809 1211 853
mitosis 0.0013 593 1240 775 1407
mitosis 0.0013 107 1391 153 1429
mitosis 0.0013 978 23 1039 86
mitosis 0.0013 478 -12 624 97
mitosis 0.0012 1313 750 1366 797
mitosis 0.0012 269 136 311 184
mitosis 0.0012 626 767 666 812
mitosis 0.0012 99 128 176 208
mitosis 0.0012 1554 1244 1629 1300
mitosis 0.0012 595 17 641 53
mitosis 0.0012 1386 1200 1515 1271
mitosis 0.0012 1599 47 1642 83
mitosis 0.0012 4 103 47 156
mitosis 0.0012 447 1411 525 1476
mitosis 0.0012 47 85 181 179
mitosis 0.0012 211 1389 381 1495
mitosis 0.0012 1550 819 1615 860
mitosis 0.0012 1208 1449 1295 1483
mitosis 0.0012 899 525 956 573
mitosis 0.0012 1381 320 1425 355
mitosis 0.0012 25 925 59 955
mitosis 0.0012 808 226 936 324
mitosis 0.0011 7 756 58 804
mitosis 0.0011 461 1048 605 1191
mitosis 0.0011 23 1435 93 1479
mitosis 0.0011 872 1392 917 1434
mitosis 0.0011 1413 819 1453 853
mitosis 0.0011 1555 843 1664 965
mitosis 0.0011 543 488 708 649
mitosis 0.0011 1228 721 1269 761
mitosis 0.0011 1190 1105 1228 1144
mitosis 0.0011 422 396 478 457
mitosis 0.0011 543 1021 708 1171
mitosis 0.0011 674 184 712 216
mitosis 0.0011 624 393 769 547
mitosis 0.0011 1288 355 1351 417
mitosis 0.0011 4 15 95 93
mitosis 0.0011 597 1372 769 1492
mitosis 0.0011 1201 662 1317 751
mitosis 0.0011 356 80 424 158
mitosis 0.0011 172 78 205 111
mitosis 0.0011 301 64 341 111
mitosis 0.0011 518 1135 628 1217
mitosis 0.0011 1551 1055 1662 1171
mitosis 0.0011 680 36 804 127
mitosis 0.0010 322 626 376 672
mitosis 0.0010 641 500 802 644
mitosis 0.0010 575 278 741 410
mitosis 0.0010 1283 322 1317 348
mitosis 0.0010 0 108 50 193
mitosis 0.0010 1146 77 1187 112
mitosis 0.0010 1556 437 1674 552
mitosis 0.0010 1293 296 1387 384
mitosis 0.0010 949 414 1110 576
mitosis 0.0010 1549 1112 1666 1222
mitosis 0.0010 1029 39 1128 122
mitosis 0.0010 1318 209 1356 242
mitosis 0.0010 1555 522 1676 639
mitosis 0.0010 454 599 497 640
mitosis 0.0010 -18 732 85 819
mitosis 0.0010 989 20 1081 104
mitosis 0.0010 1222 505 1358 615
mitosis 0.0010 950 640 1115 787
mitosis 0.0010 434 406 589 539
mitosis 0.0010 1227 1321 1390 1458
mitosis 0.0010 1117 1404 1285 1487
mitosis 0.0010 -3 1321 42 1402
mitosis 0.0010 462 618 610 752
mitosis 0.0010 1114 1320 1288 1473
