mitosis 0.4943 21 1362 95 1423
mitosis 0.1477 879 1213 934 1255
mitosis 0.1247 275 1246 352 1329
mitosis 0.1068 160 459 215 505
mitosis 0.0879 375 402 424 451
mitosis 0.0513 463 266 515 313
mitosis 0.0320 445 401 494 449
mitosis 0.0308 393 399 479 456
mitosis 0.0258 274 1274 335 1336
mitosis 0.0216 205 1061 265 1127
mitosis 0.0206 535 674 578 720
mitosis 0.0179 576 1190 619 1227
mitosis 0.0161 876 1193 944 1267
mitosis 0.0158 291 1297 333 1338
mitosis 0.0158 1317 1183 1354 1215
mitosis 0.0147 547 1304 592 1343
mitosis 0.0126 -62 1330 128 1563
mitosis 0.0111 623 1095 674 1143
mitosis 0.0111 1324 30 1370 73
mitosis 0.0095 -376 1101 448 1771
mitosis 0.0094 1 824 48 880
mitosis 0.0076 1629 887 1664 926
mitosis 0.0076 1020 331 1078 381
mitosis 0.0073 1044 81 1101 122
mitosis 0.0072 256 1260 325 1323
mitosis 0.0069 1503 430 1549 466
mitosis 0.0065 -41 1311 117 1455
mitosis 0.0065 232 490 272 526
mitosis 0.0064 266 542 301 582
mitosis 0.0063 250 871 282 903
mitosis 0.0063 218 1232 356 1380
mitosis 0.0060 13 1308 199 1449
mitosis 0.0059 64 506 122 563
mitosis 0.0053 -140 954 706 1619
mitosis 0.0052 442 74 491 117
mitosis 0.0052 1627 810 1663 851
mitosis 0.0051 145 451 229 516
mitosis 0.0051 1355 432 1397 467
mitosis 0.0050 141 57 192 105
mitosis 0.0047 458 251 524 329
mitosis 0.0046 612 141 654 182
mitosis 0.0045 1474 388 1531 431
mitosis 0.0044 5 1368 72 1438
mitosis 0.0044 138 1326 191 1381
mitosis 0.0041 1024 436 1082 479
mitosis 0.0040 274 1233 434 1374
mitosis 0.0040 1165 -1 1206 25
mitosis 0.0039 437 380 505 463
mitosis 0.0036 135 747 169 788
mitosis 0.0034 905 302 944 334
mitosis 0.0033 285 510 323 550
mitosis 0.0032 1010 322 1100 390
mitosis 0.0032 1171 214 1211 247
mitosis 0.0032 1017 61 1115 137
mitosis 0.0031 1088 1116 1121 1145
mitosis 0.0031 273 1133 338 1194
mitosis 0.0030 -5 345 36 409
mitosis 0.0030 361 391 445 465
mitosis 0.0028 1581 1241 1626 1287
mitosis 0.0026 1614 581 1652 621
mitosis 0.0025 261 518 311 578
mitosis 0.0025 0 1332 89 1426
mitosis 0.0025 421 354 495 428
mitosis 0.0025 605 1091 694 1160
mitosis 0.0024 1152 504 1239 582
mitosis 0.0024 956 145 998 184
mitosis 0.0024 1386 258 1422 290
mitosis 0.0024 1455 184 1509 239
mitosis 0.0023 34 1370 111 1446
mitosis 0.0023 233 1243 328 1345
mitosis 0.0023 1531 805 1572 838
mitosis 0.0023 273 1231 340 1300
mitosis 0.0022 429 347 475 397
mitosis 0.0021 1003 98 1041 140
mitosis 0.0021 -10 800 82 901
mitosis 0.0021 1483 401 1544 454
mitosis 0.0021 224 1197 346 1300
mitosis 0.0020 773 237 810 267
mitosis 0.0020 1012 430 1104 506
mitosis 0.0020 856 1215 919 1261
mitosis 0.0020 869 1224 935 1274
mitosis 0.0020 963 1178 1017 1221
mitosis 0.0019 859 543 907 583
mitosis 0.0019 1055 63 1103 109
mitosis 0.0019 574 1153 645 1217
mitosis 0.0018 1567 1229 1652 1308
mitosis 0.0018 1305 13 1395 82
mitosis 0.0017 248 42 357 142
mitosis 0.0017 36 495 131 569
mitosis 0.0017 628 15 664 47
mitosis 0.0017 1611 813 1658 859
mitosis 0.0017 295 -11 443 107
mitosis 0.0017 242 1269 288 1310
mitosis 0.0017 223 1085 334 1190
mitosis 0.0017 424 46 515 125
mitosis 0.0016 1313 289 1351 331
mitosis 0.0016 435 277 525 373
mitosis 0.0015 1165 517 1223 575
mitosis 0.0015 110 23 208 109
mitosis 0.0015 30 1329 109 1411
mitosis 0.0015 292 1236 363 1311
mitosis 0.0015 772 1215 964 1379
mitosis 0.0015 1559 775 1670 870
mitosis 0.0015 553 771 603 810
mitosis 0.0014 226 495 324 598
mitosis 0.0014 1569 563 1658 638
mitosis 0.0014 1567 824 1663 922
mitosis 0.0014 1638 161 1662 208
mitosis 0.0014 535 661 588 735
mitosis 0.0014 866 1202 928 1248
mitosis 0.0014 1567 871 1661 960
mitosis 0.0013 353 971 1369 1622
mitosis 0.0013 18 1349 209 1540
mitosis 0.0013 1565 2 1660 97
mitosis 0.0013 1457 382 1559 459
mitosis 0.0013 450 356 532 437
mitosis 0.0013 1423 154 1528 243
mitosis 0.0013 449 240 514 307
mitosis 0.0013 578 1201 614 1237
mitosis 0.0013 891 105 954 153
mitosis 0.0013 1552 1198 1594 1245
mitosis 0.0012 1360 429 1419 472
mitosis 0.0012 862 947 915 992
mitosis 0.0012 905 114 969 160
mitosis 0.0012 1478 1242 1526 1281
mitosis 0.0012 -2 772 47 864
mitosis 0.0012 1070 564 1149 634
mitosis 0.0012 558 1163 652 1238
mitosis 0.0012 535 1289 606 1368
mitosis 0.0012 344 1357 402 1408
mitosis 0.0012 902 1170 1010 1250
mitosis 0.0012 1461 42 1499 78
mitosis 0.0012 1601 881 1659 939
mitosis 0.0012 1406 780 1446 810
mitosis 0.0012 1301 1178 1347 1215
mitosis 0.0011 1336 413 1426 484
mitosis 0.0011 274 88 321 137
mitosis 0.0011 172 455 266 538
mitosis 0.0011 1009 350 1132 461
mitosis 0.0011 1054 1285 1109 1330
mitosis 0.0011 117 1306 205 1388
mitosis 0.0011 1136 155 1271 268
mitosis 0.0011 893 83 1014 163
mitosis 0.0010 1139 506 1208 571
mitosis 0.0010 678 5 719 40
mitosis 0.0010 78 1304 182 1399
mitosis 0.0010 1550 121 1673 253
mitosis 0.0010 502 1441 597 1485
mitosis 0.0010 593 109 685 190
mitosis 0.0010 249 1221 335 1317
mitosis 0.0010 976 208 1124 353
mitosis 0.0010 1541 198 1673 331
mitosis 0.0010 1018 1252 1061 1286
mitosis 0.0010 1343 -1 1492 88
mitosis 0.0010 70 1297 109 1343
mitosis 0.0010 302 1306 349 1344
mitosis 0.0010 166 710 200 747
mitosis 0.0010 291 1272 392 1393
mitosis 0.0010 442 263 501 307
mitosis 0.0010 792 1180 959 1290
