mitosis 0.2716 916 1128 988 1195
mitosis 0.1605 900 1187 968 1252
mitosis 0.0301 68 1311 123 1363
mitosis 0.0260 896 1153 986 1237
mitosis 0.0230 1178 772 1223 822
mitosis 0.0157 517 1381 584 1435
mitosis 0.0125 1165 372 1204 410
mitosis 0.0092 96 640 137 680
mitosis 0.0090 -1 604 22 647
mitosis 0.0067 1177 8 1279 80
mitosis 0.0057 490 1230 530 1269
mitosis 0.0053 913 1453 959 1486
mitosis 0.0051 228 577 270 621
mitosis 0.0050 1316 552 1402 638
mitosis 0.0050 1615 452 1658 491
mitosis 0.0049 1590 1449 1644 1485
mitosis 0.0048 345 196 408 253
mitosis 0.0048 1225 12 1285 59
mitosis 0.0044 46 1292 142 1372
mitosis 0.0044 1346 175 1451 262
mitosis 0.0043 676 206 734 253
mitosis 0.0041 241 891 279 928
mitosis 0.0037 885 1149 1011 1308
mitosis 0.0036 586 888 1128 1409
mitosis 0.0035 941 1134 999 1191
mitosis 0.0035 504 1382 602 1461
mitosis 0.0035 1549 1407 1593 1449
mitosis 0.0035 189 1241 237 1287
mitosis 0.0035 315 171 358 212
mitosis 0.0034 188 1326 223 1365
mitosis 0.0034 708 669 750 717
mitosis 0.0033 325 178 419 258
mitosis 0.0033 0 1454 39 1487
mitosis 0.0032 491 883 1406 1537
mitosis 0.0031 1 1068 34 1107
mitosis 0.0031 1636 1236 1666 1282
mitosis 0.0030 697 1111 1018 1227
mitosis 0.0029 1174 756 1235 835
mitosis 0.0029 891 1105 1005 1223
mitosis 0.0027 1323 21 1420 104
mitosis 0.0026 1022 229 1070 277
mitosis 0.0025 166 486 212 530
mitosis 0.0024 1187 878 1240 926
mitosis 0.0023 1330 572 1393 627
mitosis 0.0023 161 56 210 95
mitosis 0.0023 143 1237 258 1343
mitosis 0.0022 406 1393 550 1483
mitosis 0.0022 201 568 261 619
mitosis 0.0022 1338 44 1401 99
mitosis 0.0022 1147 1426 1186 1459
mitosis 0.0022 382 1441 455 1484
mitosis 0.0021 1583 935 1632 982
mitosis 0.0021 357 84 408 121
mitosis 0.0021 365 1424 474 1486
mitosis 0.0021 278 231 323 272
mitosis 0.0021 135 1206 253 1306
mitosis 0.0020 381 -2 523 108
mitosis 0.0019 1567 1131 1601 1168
mitosis 0.0019 1565 691 1607 739
mitosis 0.0019 527 1363 605 1427
mitosis 0.0019 281 871 321 908
mitosis 0.0018 750 1174 991 1301
mitosis 0.0018 914 1172 1008 1256
mitosis 0.0018 1547 1407 1653 1479
mitosis 0.0018 916 1442 986 1484
mitosis 0.0018 1600 933 1643 978
mitosis 0.0018 888 1441 957 1486
mitosis 0.0017 717 1283 764 1324
mitosis 0.0017 151 1191 188 1239
mitosis 0.0017 1347 0 1401 22
mitosis 0.0017 658 194 752 263
mitosis 0.0017 1347 184 1416 247
mitosis 0.0017 60 145 169 231
mitosis 0.0017 142 433 193 481
mitosis 0.0016 344 1054 424 1111
mitosis 0.0016 880 1134 971 1216
mitosis 0.0016 1557 1386 1597 1428
mitosis 0.0016 911 1072 1138 1226
mitosis 0.0015 1486 1391 1531 1429
mitosis 0.0015 491 59 587 137
mitosis 0.0015 182 555 283 637
mitosis 0.0015 313 1139 370 1181
mitosis 0.0015 503 1063 555 1113
mitosis 0.0015 1601 1423 1663 1487
mitosis 0.0015 166 1245 231 1300
mitosis 0.0014 996 207 1093 293
mitosis 0.0014 187 1384 374 1497
mitosis 0.0014 328 15 441 125
mitosis 0.0014 1528 1372 1651 1468
mitosis 0.0014 505 87 562 137
mitosis 0.0014 326 1062 376 1105
mitosis 0.0013 122 891 197 950
mitosis 0.0013 737 1418 780 1452
mitosis 0.0013 143 1256 200 1310
mitosis 0.0013 193 563 241 608
mitosis 0.0013 76 512 112 550
mitosis 0.0013 -1 1047 30 1102
mitosis 0.0013 780 107 829 146
mitosis 0.0013 546 408 699 568
mitosis 0.0013 364 1109 413 1151
mitosis 0.0013 113 877 219 959
mitosis 0.0013 158 1289 224 1355
mitosis 0.0013 402 1443 492 1484
mitosis 0.0013 172 1092 213 1141
mitosis 0.0013 521 1156 700 1302
mitosis 0.0013 545 489 700 649
mitosis 0.0012 1342 1380 1533 1481
mitosis 0.0012 1560 102 1670 231
mitosis 0.0012 1553 1228 1685 1367
mitosis 0.0012 659 607 784 730
mitosis 0.0012 115 154 166 202
mitosis 0.0012 10 1383 139 1478
mitosis 0.0012 1144 341 1232 427
mitosis 0.0012 1579 429 1660 522
mitosis 0.0012 1550 688 1655 803
mitosis 0.0012 1483 1350 1613 1462
mitosis 0.0012 55 1164 188 1289
mitosis 0.0012 73 1167 122 1213
mitosis 0.0012 976 1430 1030 1474
mitosis 0.0012 1379 1408 1424 1448
mitosis 0.0012 -17 50 101 168
mitosis 0.0012 786 102 850 153
mitosis 0.0011 -5 701 99 806
mitosis 0.0011 454 488 622 642
mitosis 0.0011 269 733 307 769
mitosis 0.0011 8 1139 131 1271
mitosis 0.0011 717 584 852 723
mitosis 0.0011 84 139 215 223
mitosis 0.0011 170 1239 305 1355
mitosis 0.0011 200 -7 353 107
mitosis 0.0011 640 493 781 650
mitosis 0.0011 455 413 619 564
mitosis 0.0011 108 1373 286 1487
mitosis 0.0011 1624 82 1659 118
mitosis 0.0011 544 563 711 714
mitosis 0.0011 638 406 783 570
mitosis 0.0011 1614 420 1662 491
mitosis 0.0011 290 1310 455 1469
mitosis 0.0011 1635 135 1664 177
mitosis 0.0011 32 1093 160 1207
mitosis 0.0011 771 92 875 171
mitosis 0.0010 277 456 323 504
mitosis 0.0010 -9 340 106 456
mitosis 0.0010 470 1368 580 1456
mitosis 0.0010 1640 912 1662 959
mitosis 0.0010 545 335 701 492
mitosis 0.0010 1556 917 1651 997
mitosis 0.0010 370 931 534 1094
mitosis 0.0010 128 432 229 523
mitosis 0.0010 305 664 341 701
mitosis 0.0010 117 744 168 804
mitosis 0.0010 136 461 208 529
mitosis 0.0010 723 403 866 573
mitosis 0.0010 1553 -5 1670 107
mitosis 0.0010 379 1451 431 1486
mitosis 0.0010 69 251 193 352
mitosis 0.0010 881 1194 949 1258
mitosis 0.0010 1560 40 1671 162
mitosis 0.0010 1166 781 1281 906
mitosis 0.0010 707 1421 823 1479
mitosis 0.0010 1166 1460 1222 1488
mitosis 0.0010 64 614 165 696
mitosis 0.0010 1287 1383 1469 1482
mitosis 0.0010 1230 10 1370 116
mitosis 0.0010 1469 335 1640 494
mitosis 0.0010 532 1085 707 1246
mitosis 0.0010 515 1218 717 1396
mitosis 0.0010 880 1222 1014 1369
mitosis 0.0010 -100 -378 1018 458
