mitosis 0.6295 306 244 364 300
mitosis 0.5093 506 761 580 826
mitosis 0.3860 25 585 96 649
mitosis 0.3090 344 991 391 1041
mitosis 0.1059 106 1094 155 1141
mitosis 0.0897 301 1334 347 1381
mitosis 0.0763 1358 1011 1413 1060
mitosis 0.0524 1330 1453 1383 1484
mitosis 0.0416 1220 1347 1259 1383
mitosis 0.0241 1110 792 1156 829
mitosis 0.0221 2 98 45 149
mitosis 0.0192 -2 524 38 597
mitosis 0.0178 318 250 391 302
mitosis 0.0172 360 1433 399 1477
mitosis 0.0153 357 1263 406 1309
mitosis 0.0147 453 745 610 955
mitosis 0.0129 1344 1005 1430 1070
mitosis 0.0123 0 575 76 645
mitosis 0.0120 122 1295 158 1341
mitosis 0.0116 65 526 1002 1155
mitosis 0.0104 997 914 1044 956
mitosis 0.0102 533 986 576 1040
mitosis 0.0102 243 345 284 384
mitosis 0.0098 470 717 598 865
mitosis 0.0095 481 705 523 748
mitosis 0.0091 101 1075 167 1149
mitosis 0.0088 12 548 96 635
mitosis 0.0088 1 1291 35 1341
mitosis 0.0074 -2 503 59 604
mitosis 0.0069 513 695 710 866
mitosis 0.0065 329 984 409 1049
mitosis 0.0060 298 1314 358 1394
mitosis 0.0054 961 582 998 616
mitosis 0.0046 1586 833 1629 884
mitosis 0.0043 299 213 385 295
mitosis 0.0043 -34 -54 597 557
mitosis 0.0042 280 258 438 405
mitosis 0.0042 189 511 691 1042
mitosis 0.0040 270 1202 310 1253
mitosis 0.0040 567 -1 632 24
mitosis 0.0040 144 1154 174 1194
mitosis 0.0040 211 211 374 333
mitosis 0.0039 611 201 656 247
mitosis 0.0039 490 770 557 829
mitosis 0.0038 1241 726 1292 761
mitosis 0.0038 -21 556 98 719
mitosis 0.0038 35 561 176 698
mitosis 0.0037 285 254 345 306
mitosis 0.0037 1311 884 1411 983
mitosis 0.0035 -336 215 547 1011
mitosis 0.0034 743 281 831 354
mitosis 0.0033 255 737 625 865
mitosis 0.0033 514 738 601 817
mitosis 0.0033 1102 779 1195 847
mitosis 0.0032 294 214 437 327
mitosis 0.0031 -4 82 61 159
mitosis 0.0031 16 270 64 326
mitosis 0.0031 757 300 810 349
mitosis 0.0030 -9 541 53 616
mitosis 0.0030 609 1353 648 1399
mitosis 0.0030 149 1198 185 1264
mitosis 0.0029 377 8 470 90
mitosis 0.0027 1271 780 1321 818
mitosis 0.0026 1585 1417 1624 1456
mitosis 0.0026 505 977 590 1062
mitosis 0.0025 984 902 1065 972
mitosis 0.0024 1207 1352 1300 1425
mitosis 0.0024 199 267 365 403
mitosis 0.0024 609 465 643 508
mitosis 0.0024 142 1165 182 1232
mitosis 0.0023 1277 1202 1371 1284
mitosis 0.0023 343 1249 426 1323
mitosis 0.0023 1159 901 1242 977
mitosis 0.0022 317 996 378 1050
mitosis 0.0022 552 0 609 22
mitosis 0.0021 329 1277 403 1347
mitosis 0.0021 128 1461 175 1485
mitosis 0.0021 -23 518 93 638
mitosis 0.0021 512 784 577 842
mitosis 0.0021 1300 1004 1436 1152
mitosis 0.0020 1231 871 1377 975
mitosis 0.0019 347 1414 414 1496
mitosis 0.0019 493 698 579 794
mitosis 0.0019 1297 910 1343 952
mitosis 0.0019 1328 880 1375 923
mitosis 0.0018 1253 1240 1361 1362
mitosis 0.0018 45 579 113 641
mitosis 0.0017 594 179 679 258
mitosis 0.0017 184 2 231 39
mitosis 0.0017 1322 1431 1412 1490
mitosis 0.0017 1214 1368 1322 1441
mitosis 0.0016 1115 889 1229 971
mitosis 0.0016 910 771 1823 1368
mitosis 0.0016 463 -12 614 87
mitosis 0.0016 1189 1322 1280 1400
mitosis 0.0016 245 335 305 386
mitosis 0.0016 631 1079 802 1227
mitosis 0.0016 1565 1399 1662 1476
mitosis 0.0015 530 1073 702 1232
mitosis 0.0015 942 1134 976 1167
mitosis 0.0015 623 1445 687 1485
mitosis 0.0015 115 1095 185 1156
mitosis 0.0014 467 718 532 782
mitosis 0.0014 30 217 129 303
mitosis 0.0014 304 260 369 328
mitosis 0.0014 516 1013 573 1085
mitosis 0.0014 1362 995 1426 1052
mitosis 0.0014 1378 1446 1479 1486
mitosis 0.0014 144 1460 191 1483
mitosis 0.0014 131 1138 176 1201
mitosis 0.0013 1554 -1 1658 94
mitosis 0.0013 -1 492 42 569
mitosis 0.0013 1401 922 1458 973
mitosis 0.0013 367 1002 449 1064
mitosis 0.0013 1304 899 1363 955
mitosis 0.0013 1055 -10 1189 103
mitosis 0.0013 805 32 847 66
mitosis 0.0013 1534 1243 1678 1380
mitosis 0.0013 1300 965 1413 1061
mitosis 0.0013 622 1148 796 1312
mitosis 0.0013 1309 875 1396 945
mitosis 0.0012 162 -5 269 68
mitosis 0.0012 6 1442 66 1485
mitosis 0.0012 1604 1287 1637 1325
mitosis 0.0012 96 1104 145 1154
mitosis 0.0012 1246 732 1313 800
mitosis 0.0012 9 600 110 747
mitosis 0.0012 522 1161 682 1295
mitosis 0.0012 1644 460 1662 506
mitosis 0.0012 117 1277 173 1354
mitosis 0.0012 64 220 118 296
mitosis 0.0012 7 247 98 334
mitosis 0.0012 720 21 858 152
mitosis 0.0012 1566 838 1650 916
mitosis 0.0012 487 702 545 755
mitosis 0.0012 1192 608 1279 674
mitosis 0.0012 0 681 104 841
mitosis 0.0012 1332 867 1392 919
mitosis 0.0012 1295 1074 1451 1231
mitosis 0.0011 1164 1338 1208 1378
mitosis 0.0011 1478 1 1521 17
mitosis 0.0011 1485 1162 1545 1210
mitosis 0.0011 627 999 801 1159
mitosis 0.0011 508 1051 563 1103
mitosis 0.0011 225 316 313 388
mitosis 0.0011 940 581 995 626
mitosis 0.0011 1475 1155 1588 1254
mitosis 0.0011 69 250 113 297
mitosis 0.0011 184 -1 320 78
mitosis 0.0011 722 94 872 255
mitosis 0.0011 286 1008 437 1147
mitosis 0.0011 465 684 544 767
mitosis 0.0011 523 838 694 1024
mitosis 0.0011 8 532 79 602
mitosis 0.0010 226 1104 376 1259
mitosis 0.0010 359 987 422 1042
mitosis 0.0010 98 -12 213 71
mitosis 0.0010 1298 1222 1366 1273
mitosis 0.0010 1359 999 1523 1148
mitosis 0.0010 476 1045 613 1194
mitosis 0.0010 399 1012 454 1067
mitosis 0.0010 568 0 688 91
mitosis 0.0010 369 1072 536 1234
mitosis 0.0010 1032 899 1189 1032
mitosis 0.0010 872 405 1031 565
mitosis 0.0010 0 436 44 515
mitosis 0.0010 1203 512 1288 576
mitosis 0.0010 -7 711 1257 1582
mitosis 0.0010 1517 1173 1663 1301
mitosis 0.0010 467 923 534 993
mitosis 0.0010 347 1177 507 1323
mitosis 0.0010 -5 10 89 121
mitosis 0.0010 547 -6 618 34
mitosis 0.0010 1399 1106 1543 1224
mitosis 0.0010 458 927 562 1022
mitosis 0.0010 468 1159 630 1305
mitosis 0.0010 734 -8 869 110
mitosis 0.0010 622 919 803 1087
mitosis 0.0010 420 906 485 968
mitosis 0.0010 315 213 366 274
mitosis 0.0010 27 592 116 673
mitosis 0.0010 6 1261 54 1351
mitosis 0.0010 640 25 757 135
