mitosis 0.4760 135 468 191 521
mitosis 0.3331 142 1359 219 1438
mitosis 0.2264 161 1211 208 1269
mitosis 0.1300 974 844 1021 895
mitosis 0.0470 776 216 833 269
mitosis 0.0464 64 1225 120 1292
mitosis 0.0417 1608 658 1659 707
mitosis 0.0328 75 376 143 438
mitosis 0.0307 263 1315 310 1363
mitosis 0.0297 1173 332 1215 367
mitosis 0.0276 1557 1229 1618 1288
mitosis 0.0260 596 814 649 870
mitosis 0.0134 615 681 671 740
mitosis 0.0132 333 434 401 499
mitosis 0.0125 964 831 1030 907
mitosis 0.0124 1546 353 1590 401
mitosis 0.0123 1280 770 1319 812
mitosis 0.0121 690 0 749 37
mitosis 0.0120 577 800 664 880
mitosis 0.0119 122 456 211 536
mitosis 0.0114 1263 395 1334 452
mitosis 0.0098 759 206 849 275
mitosis 0.0092 1299 236 1338 271
mitosis 0.0085 150 1196 202 1287
mitosis 0.0066 1210 748 1252 792
mitosis 0.0065 -146 1025 370 1700
mitosis 0.0062 1204 1176 1264 1227
mitosis 0.0061 1544 1214 1635 1298
mitosis 0.0061 1595 639 1665 721
mitosis 0.0056 122 1373 273 1530
mitosis 0.0054 31 1339 209 1442
mitosis 0.0051 537 1 577 28
mitosis 0.0048 815 57 870 99
mitosis 0.0046 577 107 618 139
mitosis 0.0042 -246 1042 653 1805
mitosis 0.0041 116 475 180 532
mitosis 0.0041 1337 114 1387 162
mitosis 0.0040 5 5 95 76
mitosis 0.0039 107 1193 214 1288
mitosis 0.0037 59 123 98 163
mitosis 0.0037 904 126 944 159
mitosis 0.0037 769 296 817 338
mitosis 0.0036 1163 631 1217 670
mitosis 0.0036 257 1300 321 1381
mitosis 0.0036 980 849 1045 904
mitosis 0.0035 598 672 687 753
mitosis 0.0035 1232 182 1294 232
mitosis 0.0034 49 1207 140 1300
mitosis 0.0031 413 1413 513 1483
mitosis 0.0030 1555 91 1677 227
mitosis 0.0029 327 429 382 485
mitosis 0.0029 1201 1153 1294 1242
mitosis 0.0029 630 687 687 734
mitosis 0.0027 184 946 232 994
mitosis 0.0027 789 937 844 982
mitosis 0.0027 195 1452 248 1489
mitosis 0.0026 1251 378 1353 457
mitosis 0.0026 167 1205 236 1271
mitosis 0.0025 151 1375 247 1470
mitosis 0.0025 0 204 58 264
mitosis 0.0025 1610 1112 1643 1154
mitosis 0.0023 795 39 888 122
mitosis 0.0023 26 1373 219 1536
mitosis 0.0023 1552 1458 1603 1486
mitosis 0.0022 1278 304 1335 351
mitosis 0.0022 1552 182 1682 332
mitosis 0.0021 1520 344 1611 413
mitosis 0.0021 1617 581 1668 674
mitosis 0.0021 454 891 496 949
mitosis 0.0021 397 1301 456 1365
mitosis 0.0020 152 474 227 528
mitosis 0.0020 1437 121 1564 215
mitosis 0.0020 50 494 181 625
mitosis 0.0020 822 69 866 107
mitosis 0.0020 568 791 683 927
mitosis 0.0019 1309 88 1408 162
mitosis 0.0018 453 1072 545 1166
mitosis 0.0018 1157 316 1248 382
mitosis 0.0018 1282 302 1324 334
mitosis 0.0017 1190 331 1294 417
mitosis 0.0017 1218 168 1317 240
mitosis 0.0017 1173 708 1211 735
mitosis 0.0017 91 392 178 475
mitosis 0.0017 1144 619 1240 693
mitosis 0.0017 688 0 804 76
mitosis 0.0017 141 1208 240 1332
mitosis 0.0016 1287 386 1338 432
mitosis 0.0016 558 106 610 142
mitosis 0.0016 171 1440 255 1491
mitosis 0.0016 0 181 98 279
mitosis 0.0016 1306 239 1351 281
mitosis 0.0016 1293 243 1331 278
mitosis 0.0016 13 -1 88 45
mitosis 0.0015 -87 373 162 474
mitosis 0.0015 178 516 1053 1175
mitosis 0.0015 138 493 252 621
mitosis 0.0015 1184 -33 2051 390
mitosis 0.0015 189 355 256 425
mitosis 0.0015 600 295 638 330
mitosis 0.0015 196 1446 277 1485
mitosis 0.0015 464 1085 530 1150
mitosis 0.0015 51 438 187 557
mitosis 0.0015 447 23 489 58
mitosis 0.0015 611 589 763 742
mitosis 0.0014 1249 406 1317 462
mitosis 0.0014 750 238 844 331
mitosis 0.0014 51 128 105 176
mitosis 0.0014 135 442 263 544
mitosis 0.0014 -238 183 472 762
mitosis 0.0014 1326 1412 1464 1484
mitosis 0.0014 608 805 695 877
mitosis 0.0013 190 391 241 438
mitosis 0.0013 675 1 763 57
mitosis 0.0013 1208 410 1361 553
mitosis 0.0013 1520 33 1739 319
mitosis 0.0013 1616 1452 1665 1487
mitosis 0.0013 420 1424 482 1479
mitosis 0.0013 584 344 636 385
mitosis 0.0013 97 1220 192 1299
mitosis 0.0013 1461 156 1511 197
mitosis 0.0013 88 468 170 543
mitosis 0.0013 614 844 785 1001
mitosis 0.0013 1550 1413 1654 1485
mitosis 0.0013 428 857 522 959
mitosis 0.0013 268 1326 320 1374
mitosis 0.0013 313 432 431 548
mitosis 0.0012 1338 1437 1411 1485
mitosis 0.0012 59 391 138 469
mitosis 0.0012 540 87 645 153
mitosis 0.0012 759 1314 822 1364
mitosis 0.0012 665 1438 746 1485
mitosis 0.0012 1565 1192 1645 1280
mitosis 0.0012 1563 49 1664 145
mitosis 0.0012 1563 523 1673 665
mitosis 0.0012 382 1284 478 1378
mitosis 0.0012 977 859 1024 913
mitosis 0.0011 536 487 697 645
mitosis 0.0011 1274 347 1456 475
mitosis 0.0011 213 1306 319 1399
mitosis 0.0011 626 659 676 723
mitosis 0.0011 765 162 872 261
mitosis 0.0011 1555 5 1654 96
mitosis 0.0011 1244 662 1306 726
mitosis 0.0011 1217 735 1324 819
mitosis 0.0011 759 236 824 302
mitosis 0.0011 491 731 649 877
mitosis 0.0011 -3 706 112 864
mitosis 0.0011 1580 1214 1628 1261
mitosis 0.0011 -2 794 112 935
mitosis 0.0011 1113 -14 1272 83
mitosis 0.0011 630 127 790 265
mitosis 0.0011 27 785 170 920
mitosis 0.0010 1551 857 1680 1013
mitosis 0.0010 1465 181 1621 333
mitosis 0.0010 -8 999 113 1143
mitosis 0.0010 1640 1160 1662 1224
mitosis 0.0010 -7 217 46 274
mitosis 0.0010 915 -34 1799 854
mitosis 0.0010 0 263 111 399
mitosis 0.0010 1567 672 1669 798
mitosis 0.0010 769 269 828 330
mitosis 0.0010 1220 1169 1284 1222
mitosis 0.0010 680 1371 737 1424
mitosis 0.0010 105 499 156 551
mitosis 0.0010 1182 323 1234 368
mitosis 0.0010 401 1288 452 1343
mitosis 0.0010 60 927 201 1061
mitosis 0.0010 615 482 784 646
mitosis 0.0010 1538 1223 1678 1381
mitosis 0.0010 827 149 867 180
mitosis 0.0010 44 859 197 1000
mitosis 0.0010 481 316 601 440
mitosis 0.0010 541 -1 592 34
mitosis 0.0010 -9 921 114 1075
mitosis 0.0010 1241 750 1340 846
mitosis 0.0010 1229 636 1302 715
mitosis 0.0010 745 1295 842 1387
mitosis 0.0010 821 156 863 190
mitosis 0.0010 535 404 701 568
mitosis 0.0010 323 1267 455 1384
mitosis 0.0010 1548 765 1675 914
mitosis 0.0010 473 379 540 436
mitosis 0.0010 1537 419 1667 558
mitosis 0.0010 1553 1050 1667 1182
mitosis 0.0010 363 476 520 635
mitosis 0.0010 325 406 439 501
mitosis 0.0010 454 483 616 643
mitosis 0.0010 1183 726 1293 818
mitosis 0.0010 439 1319 590 1470
mitosis 0.0010 127 1345 197 1416
