mitosis 0.5732 1351 749 1409 813
mitosis 0.1088 -9 310 38 377
mitosis 0.0770 569 538 623 593
mitosis 0.0710 1370 -3 1410 29
mitosis 0.0589 1247 146 1312 209
mitosis 0.0396 1068 102 1120 147
mitosis 0.0279 1227 143 1284 210
mitosis 0.0268 72 -3 110 29
mitosis 0.0261 82 146 128 186
mitosis 0.0130 1341 314 1386 348
mitosis 0.0106 556 530 641 601
mitosis 0.0104 1303 100 1362 152
mitosis 0.0087 144 102 186 141
mitosis 0.0081 660 864 755 943
mitosis 0.0077 95 129 149 184
mitosis 0.0066 1124 54 1170 99
mitosis 0.0064 500 854 609 958
mitosis 0.0063 1056 80 1126 159
mitosis 0.0061 1028 498 1705 1031
mitosis 0.0061 1308 714 1425 863
mitosis 0.0059 253 17 297 65
mitosis 0.0057 379 961 470 1040
mitosis 0.0055 1330 301 1378 345
mitosis 0.0054 617 1456 665 1485
mitosis 0.0050 1280 752 1443 953
mitosis 0.0048 1364 754 1429 821
mitosis 0.0044 520 879 635 971
mitosis 0.0044 431 1460 473 1485
mitosis 0.0042 1357 721 1414 796
mitosis 0.0041 1326 93 1373 148
mitosis 0.0039 1267 92 1358 171
mitosis 0.0036 796 613 838 655
mitosis 0.0034 1274 149 1331 206
mitosis 0.0032 1316 286 1410 358
mitosis 0.0031 1367 714 1510 850
mitosis 0.0030 39 722 72 758
mitosis 0.0029 604 140 636 182
mitosis 0.0025 1349 764 1419 840
mitosis 0.0024 1360 -17 1422 52
mitosis 0.0024 1578 82 1655 175
mitosis 0.0023 181 1249 232 1306
mitosis 0.0023 131 1113 166 1147
mitosis 0.0021 1383 -3 1433 29
mitosis 0.0021 1059 1272 1094 1313
mitosis 0.0020 -2 301 78 390
mitosis 0.0020 1101 733 1443 862
mitosis 0.0020 1147 653 1193 709
mitosis 0.0020 1125 633 1218 720
mitosis 0.0020 382 252 428 295
mitosis 0.0019 75 123 152 201
mitosis 0.0019 156 1225 253 1314
mitosis 0.0019 903 28 1010 154
mitosis 0.0018 155 665 191 699
mitosis 0.0018 1328 295 1362 328
mitosis 0.0017 1294 664 1413 794
mitosis 0.0017 5 38 50 90
mitosis 0.0017 -2 290 55 367
mitosis 0.0016 1224 651 1254 687
mitosis 0.0015 1553 231 1659 338
mitosis 0.0015 422 1444 475 1483
mitosis 0.0015 1212 126 1343 260
mitosis 0.0015 1557 1154 1689 1314
mitosis 0.0015 679 514 735 568
mitosis 0.0015 911 735 948 771
mitosis 0.0015 1560 3 1668 122
mitosis 0.0015 82 0 129 34
mitosis 0.0014 1137 1264 1176 1298
mitosis 0.0014 1624 349 1661 400
mitosis 0.0014 0 318 41 408
mitosis 0.0014 609 1423 725 1487
mitosis 0.0014 330 203 459 320
mitosis 0.0014 542 541 684 721
mitosis 0.0014 15 1369 56 1416
mitosis 0.0014 516 1297 557 1337
mitosis 0.0014 492 1210 528 1244
mitosis 0.0014 514 870 574 938
mitosis 0.0014 1574 275 1615 321
mitosis 0.0014 1542 634 1679 767
mitosis 0.0013 917 109 972 166
mitosis 0.0013 1022 51 1068 91
mitosis 0.0013 1446 627 1635 793
mitosis 0.0013 1124 89 1262 200
mitosis 0.0013 1570 472 1659 563
mitosis 0.0013 1349 698 1426 810
mitosis 0.0013 919 636 1104 772
mitosis 0.0013 1302 75 1385 164
mitosis 0.0013 863 -176 1696 517
mitosis 0.0012 691 915 876 1083
mitosis 0.0012 350 344 391 381
mitosis 0.0012 1600 478 1646 540
mitosis 0.0012 -5 250 48 345
mitosis 0.0012 719 715 890 877
mitosis 0.0012 401 173 436 210
mitosis 0.0012 1079 43 1178 139
mitosis 0.0012 782 849 960 1008
mitosis 0.0012 247 19 315 81
mitosis 0.0012 640 867 767 1001
mitosis 0.0012 1600 98 1652 151
mitosis 0.0012 922 64 978 116
mitosis 0.0012 1552 574 1694 721
mitosis 0.0012 1074 136 1313 261
mitosis 0.0012 1202 67 1341 190
mitosis 0.0012 692 521 747 578
mitosis 0.0011 1103 23 1204 124
mitosis 0.0011 618 1449 690 1484
mitosis 0.0011 1531 1340 1567 1373
mitosis 0.0011 1351 -2 1400 28
mitosis 0.0011 1214 650 1389 806
mitosis 0.0011 536 1285 712 1461
mitosis 0.0011 392 931 472 1019
mitosis 0.0011 1559 1090 1687 1235
mitosis 0.0011 45 650 175 771
mitosis 0.0011 1558 1229 1691 1379
mitosis 0.0011 579 883 628 936
mitosis 0.0011 1474 -19 1617 104
mitosis 0.0011 1336 4 1424 76
mitosis 0.0011 1327 772 1398 854
mitosis 0.0011 1339 741 1459 853
mitosis 0.0010 113 261 1106 988
mitosis 0.0010 1043 225 1084 264
mitosis 0.0010 34 87 149 179
mitosis 0.0010 697 161 734 219
mitosis 0.0010 937 704 1120 850
mitosis 0.0010 590 536 654 592
mitosis 0.0010 993 14 1118 124
mitosis 0.0010 956 -1 1015 34
mitosis 0.0010 1227 114 1310 210
mitosis 0.0010 1065 1248 1185 1347
mitosis 0.0010 1554 349 1662 469
mitosis 0.0010 86 1016 1155 1710
mitosis 0.0010 1431 381 1491 419
mitosis 0.0010 795 929 965 1094
mitosis 0.0010 1544 708 1684 855
mitosis 0.0010 621 733 788 893
mitosis 0.0010 837 720 943 799
mitosis 0.0010 611 630 804 784
mitosis 0.0010 436 517 641 632
mitosis 0.0010 405 1263 849 1486
mitosis 0.0010 478 439 632 601
mitosis 0.0010 1567 1390 1686 1489
mitosis 0.0010 519 526 630 626
mitosis 0.0010 -221 -77 956 591
mitosis 0.0010 688 864 794 941
mitosis 0.0010 639 1153 754 1264
mitosis 0.0010 802 -19 949 136
mitosis 0.0010 853 739 910 788
