mitosis 0.6675 103 1411 171 1469
mitosis 0.5901 -1 679 65 742
mitosis 0.4349 1345 383 1423 457
mitosis 0.3951 613 662 666 720
mitosis 0.1551 1026 1124 1069 1171
mitosis 0.1114 1324 997 1403 1066
mitosis 0.0787 897 1276 941 1325
mitosis 0.0565 1626 594 1660 637
mitosis 0.0386 564 1069 614 1120
mitosis 0.0351 925 683 973 727
mitosis 0.0274 1048 1256 1093 1308
mitosis 0.0253 1611 466 1642 498
mitosis 0.0197 210 55 312 121
mitosis 0.0192 989 391 1031 429
mitosis 0.0182 1222 781 1255 811
mitosis 0.0173 792 246 852 289
mitosis 0.0148 1004 98 1733 702
mitosis 0.0140 1305 353 1430 487
mitosis 0.0138 1281 385 1440 577
mitosis 0.0135 1051 1030 1090 1069
mitosis 0.0134 1330 397 1404 475
mitosis 0.0120 922 504 971 553
mitosis 0.0120 1017 1102 1074 1183
mitosis 0.0106 85 5 144 42
mitosis 0.0104 1191 810 1230 848
mitosis 0.0103 208 66 273 115
mitosis 0.0098 368 672 417 725
mitosis 0.0093 51 1368 189 1541
mitosis 0.0092 -193 1168 436 1700
mitosis 0.0091 1365 345 1509 483
mitosis 0.0089 1 1350 35 1398
mitosis 0.0085 83 1032 125 1077
mitosis 0.0074 462 452 523 509
mitosis 0.0072 223 497 268 547
mitosis 0.0068 24 430 57 471
mitosis 0.0064 775 231 858 303
mitosis 0.0063 790 175 830 215
mitosis 0.0063 -201 986 587 1881
mitosis 0.0062 551 1057 635 1129
mitosis 0.0061 106 1367 283 1530
mitosis 0.0058 108 945 144 989
mitosis 0.0055 954 972 1009 1030
mitosis 0.0055 906 679 992 750
mitosis 0.0051 290 1369 346 1413
mitosis 0.0051 -43 679 97 876
mitosis 0.0050 989 1254 1036 1296
mitosis 0.0048 1574 812 1640 865
mitosis 0.0048 446 444 535 526
mitosis 0.0047 656 479 705 528
mitosis 0.0046 119 1407 200 1473
mitosis 0.0045 883 1260 949 1344
mitosis 0.0044 539 192 578 228
mitosis 0.0044 1302 1006 1421 1152
mitosis 0.0043 318 113 367 160
mitosis 0.0042 418 1112 460 1158
mitosis 0.0042 1197 796 1247 846
mitosis 0.0040 1621 667 1658 708
mitosis 0.0040 -20 640 90 789
mitosis 0.0039 1444 284 1501 334
mitosis 0.0038 1548 805 1617 864
mitosis 0.0038 44 1325 176 1463
mitosis 0.0038 -364 407 440 971
mitosis 0.0035 1569 697 1612 741
mitosis 0.0035 684 526 719 563
mitosis 0.0035 -13 690 49 751
mitosis 0.0034 927 709 1806 1422
mitosis 0.0034 1358 406 1431 477
mitosis 0.0032 1372 387 1445 456
mitosis 0.0032 1597 410 1640 459
mitosis 0.0032 67 0 158 56
mitosis 0.0032 1010 693 1540 1305
mitosis 0.0032 1615 575 1660 653
mitosis 0.0032 96 1429 166 1503
mitosis 0.0031 1360 890 1413 934
mitosis 0.0031 1331 973 1417 1054
mitosis 0.0028 1089 364 1456 492
mitosis 0.0028 1607 457 1648 505
mitosis 0.0028 332 371 367 406
mitosis 0.0028 347 738 382 770
mitosis 0.0026 571 651 660 733
mitosis 0.0026 942 967 1030 1045
mitosis 0.0026 1511 85 1546 121
mitosis 0.0025 116 61 282 186
mitosis 0.0024 786 258 831 293
mitosis 0.0024 -105 -197 501 409
mitosis 0.0024 1128 969 1419 1079
mitosis 0.0024 592 161 640 210
mitosis 0.0023 1497 673 1543 714
mitosis 0.0023 347 664 432 736
mitosis 0.0023 906 480 989 567
mitosis 0.0023 225 45 342 187
mitosis 0.0022 567 136 668 221
mitosis 0.0022 143 632 180 676
mitosis 0.0022 1304 -2 1415 67
mitosis 0.0021 564 639 681 787
mitosis 0.0020 599 633 692 729
mitosis 0.0020 1555 822 1602 864
mitosis 0.0020 1246 1313 1283 1362
mitosis 0.0019 175 1080 208 1109
mitosis 0.0019 1130 161 1187 210
mitosis 0.0019 620 664 699 730
mitosis 0.0019 195 423 1041 962
mitosis 0.0018 1035 1118 1091 1171
mitosis 0.0018 771 185 870 275
mitosis 0.0018 971 373 1057 450
mitosis 0.0017 588 665 675 760
mitosis 0.0017 255 46 340 107
mitosis 0.0017 1591 417 1628 454
mitosis 0.0017 1348 335 1422 416
mitosis 0.0017 1552 822 1650 913
mitosis 0.0017 881 1291 934 1341
mitosis 0.0017 353 689 416 750
mitosis 0.0017 619 638 768 774
mitosis 0.0016 297 91 393 175
mitosis 0.0016 1536 1240 1668 1373
mitosis 0.0016 1518 795 1564 833
mitosis 0.0016 1330 1003 1431 1091
mitosis 0.0016 1515 765 1631 864
mitosis 0.0016 257 62 366 153
mitosis 0.0016 1545 109 1584 149
mitosis 0.0016 594 644 659 709
mitosis 0.0016 1539 1401 1661 1486
mitosis 0.0015 1493 35 1540 92
mitosis 0.0015 1044 1232 1092 1294
mitosis 0.0015 1584 681 1652 734
mitosis 0.0015 1175 1126 1243 1190
mitosis 0.0015 1570 588 1664 695
mitosis 0.0015 617 633 678 707
mitosis 0.0014 37 609 181 785
mitosis 0.0014 273 1363 365 1427
mitosis 0.0014 -8 627 58 730
mitosis 0.0014 1540 1234 1579 1277
mitosis 0.0014 1116 138 1214 222
mitosis 0.0014 -2 1378 44 1466
mitosis 0.0014 -325 179 517 1233
mitosis 0.0013 678 510 723 559
mitosis 0.0013 1158 1114 1260 1216
mitosis 0.0013 1285 1006 1381 1086
mitosis 0.0013 787 173 842 230
mitosis 0.0013 1572 436 1659 534
mitosis 0.0013 557 594 677 711
mitosis 0.0013 662 1327 694 1357
mitosis 0.0013 1497 52 1549 113
mitosis 0.0013 0 533 34 600
mitosis 0.0013 1028 1078 1088 1162
mitosis 0.0013 0 18 112 138
mitosis 0.0013 473 568 648 727
mitosis 0.0013 890 619 966 709
mitosis 0.0013 1011 1239 1120 1325
mitosis 0.0012 210 478 298 560
mitosis 0.0012 1577 549 1667 653
mitosis 0.0012 -12 1341 97 1438
mitosis 0.0012 2 691 83 771
mitosis 0.0012 725 1317 765 1357
mitosis 0.0012 1333 912 1429 1023
mitosis 0.0012 1281 797 1318 826
mitosis 0.0012 -5 750 50 841
mitosis 0.0012 0 559 40 652
mitosis 0.0012 1408 265 1510 342
mitosis 0.0012 704 1378 754 1426
mitosis 0.0011 13 755 102 845
mitosis 0.0011 -178 1388 216 1541
mitosis 0.0011 119 1443 181 1495
mitosis 0.0011 1482 138 1527 183
mitosis 0.0011 1551 663 1651 768
mitosis 0.0011 0 881 35 953
mitosis 0.0011 -3 1284 35 1368
mitosis 0.0011 1325 3 1400 54
mitosis 0.0011 783 236 837 283
mitosis 0.0011 952 914 1068 1043
mitosis 0.0011 534 1079 689 1222
mitosis 0.0011 172 1157 209 1193
mitosis 0.0011 358 634 424 722
mitosis 0.0011 121 1354 221 1450
mitosis 0.0011 60 1161 93 1195
mitosis 0.0011 640 468 723 560
mitosis 0.0011 193 1109 229 1136
mitosis 0.0011 1596 546 1658 621
mitosis 0.0010 19 679 98 749
mitosis 0.0010 267 1378 393 1468
mitosis 0.0010 1535 1182 1666 1312
mitosis 0.0010 249 10 394 109
mitosis 0.0010 709 490 748 527
mitosis 0.0010 1229 874 1398 1028
mitosis 0.0010 12 650 76 725
mitosis 0.0010 77 1007 138 1090
mitosis 0.0010 1536 1331 1673 1462
mitosis 0.0010 412 3 519 78
mitosis 0.0010 1373 16 1423 59
mitosis 0.0010 60 0 129 42
mitosis 0.0010 697 259 873 409
mitosis 0.0010 1363 -6 1506 82
mitosis 0.0010 1576 745 1616 789
mitosis 0.0010 1558 794 1645 877
mitosis 0.0010 0 834 42 923
mitosis 0.0010 -10 1276 101 1395
mitosis 0.0010 69 928 174 1015
mitosis 0.0010 38 1148 181 1280
mitosis 0.0010 8 565 91 651
mitosis 0.0010 1548 925 1677 1067
