mitosis 0.6517 426 470 494 525
mitosis 0.5406 604 1070 673 1129
mitosis 0.4090 573 87 636 144
mitosis 0.2088 24 1218 86 1274
mitosis 0.1819 1300 641 1346 701
mitosis 0.0454 1609 150 1662 187
mitosis 0.0447 1307 381 1351 425
mitosis 0.0340 1003 1332 1064 1376
mitosis 0.0265 1427 184 1468 221
mitosis 0.0259 630 1074 686 1125
mitosis 0.0229 1261 379 1316 429
mitosis 0.0216 1534 21 1577 56
mitosis 0.0194 637 672 677 711
mitosis 0.0193 1274 380 1347 430
mitosis 0.0183 1399 1030 1434 1064
mitosis 0.0170 410 478 471 528
mitosis 0.0149 1279 632 1363 708
mitosis 0.0148 615 819 705 889
mitosis 0.0129 578 70 638 127
mitosis 0.0127 1173 61 1229 113
mitosis 0.0121 542 1058 695 1244
mitosis 0.0112 915 1251 960 1296
mitosis 0.0108 266 625 1123 1504
mitosis 0.0104 1157 54 1246 121
mitosis 0.0098 1002 70 1058 112
mitosis 0.0095 554 1013 692 1164
mitosis 0.0095 988 1323 1077 1386
mitosis 0.0092 607 1015 788 1157
mitosis 0.0091 190 315 227 347
mitosis 0.0091 1426 172 1484 217
mitosis 0.0090 379 458 516 654
mitosis 0.0087 265 -150 788 370
mitosis 0.0086 612 1049 684 1117
mitosis 0.0074 533 77 693 286
mitosis 0.0071 103 186 803 748
mitosis 0.0071 1341 60 1376 95
mitosis 0.0070 391 427 509 564
mitosis 0.0069 372 45 674 202
mitosis 0.0068 990 346 1030 376
mitosis 0.0068 416 437 503 521
mitosis 0.0063 11 1224 101 1303
mitosis 0.0063 580 84 674 150
mitosis 0.0059 1316 200 1358 234
mitosis 0.0057 158 -169 1059 515
mitosis 0.0055 1457 164 1509 208
mitosis 0.0053 1411 169 1458 211
mitosis 0.0051 11 1317 55 1355
mitosis 0.0048 980 55 1071 117
mitosis 0.0046 1597 143 1650 181
mitosis 0.0046 554 49 681 194
mitosis 0.0045 1608 1109 1641 1141
mitosis 0.0045 1292 630 1336 677
mitosis 0.0044 1594 134 1664 202
mitosis 0.0042 1247 381 1293 424
mitosis 0.0041 -38 1209 106 1388
mitosis 0.0041 569 1061 663 1138
mitosis 0.0039 22 952 72 1002
mitosis 0.0036 77 -10 965 965
mitosis 0.0036 432 412 618 554
mitosis 0.0035 1295 360 1369 435
mitosis 0.0033 1628 812 1662 846
mitosis 0.0031 615 663 709 730
mitosis 0.0030 -246 791 460 1632
mitosis 0.0030 167 1076 221 1118
mitosis 0.0030 597 1 640 22
mitosis 0.0030 100 426 153 475
mitosis 0.0030 6 1222 69 1283
mitosis 0.0029 30 1166 185 1297
mitosis 0.0028 1410 163 1498 228
mitosis 0.0028 -28 1172 109 1297
mitosis 0.0026 1 1301 49 1361
mitosis 0.0026 531 75 629 169
mitosis 0.0026 1274 641 1331 703
mitosis 0.0025 419 480 515 560
mitosis 0.0024 1246 380 1331 448
mitosis 0.0024 174 452 529 554
mitosis 0.0024 625 811 690 871
mitosis 0.0023 983 353 1029 390
mitosis 0.0023 1319 377 1371 425
mitosis 0.0023 1203 621 1366 793
mitosis 0.0023 567 103 643 165
mitosis 0.0022 1306 655 1353 713
mitosis 0.0022 1278 631 1324 682
mitosis 0.0021 654 503 710 551
mitosis 0.0020 335 499 395 553
mitosis 0.0020 1582 158 1664 240
mitosis 0.0020 156 1058 247 1128
mitosis 0.0019 1557 254 1666 369
mitosis 0.0019 547 805 705 922
mitosis 0.0018 1505 1197 1541 1224
mitosis 0.0018 1269 639 1300 671
mitosis 0.0018 1598 1104 1650 1146
mitosis 0.0018 872 402 1684 1002
mitosis 0.0018 543 399 594 444
mitosis 0.0017 1544 1398 1680 1487
mitosis 0.0017 1562 344 1672 468
mitosis 0.0017 222 1409 355 1487
mitosis 0.0017 256 520 978 1181
mitosis 0.0017 1613 798 1662 851
mitosis 0.0017 1129 43 1271 183
mitosis 0.0016 602 974 752 1126
mitosis 0.0016 230 386 278 434
mitosis 0.0016 674 350 718 394
mitosis 0.0016 -1 1284 40 1343
mitosis 0.0016 1560 426 1678 556
mitosis 0.0016 353 495 397 533
mitosis 0.0015 177 1202 235 1251
mitosis 0.0015 67 554 109 597
mitosis 0.0015 279 799 320 833
mitosis 0.0015 135 328 286 446
mitosis 0.0015 51 1409 213 1487
mitosis 0.0015 1546 78 1593 115
mitosis 0.0015 1285 106 1325 139
mitosis 0.0014 1413 1083 1452 1111
mitosis 0.0014 435 464 528 539
mitosis 0.0014 1573 1081 1660 1164
mitosis 0.0014 157 1410 315 1485
mitosis 0.0014 1572 1237 1676 1357
mitosis 0.0014 -9 1284 85 1378
mitosis 0.0014 41 538 138 621
mitosis 0.0014 337 -372 902 444
mitosis 0.0014 4 1202 79 1266
mitosis 0.0014 701 284 853 416
mitosis 0.0014 75 413 168 489
mitosis 0.0014 432 562 614 725
mitosis 0.0014 0 40 49 100
mitosis 0.0013 619 811 782 908
mitosis 0.0013 975 378 1016 410
mitosis 0.0013 4 936 95 1013
mitosis 0.0013 565 28 645 142
mitosis 0.0013 1282 626 1319 661
mitosis 0.0013 538 -10 669 132
mitosis 0.0013 548 1070 664 1174
mitosis 0.0013 918 421 956 454
mitosis 0.0013 584 1084 655 1135
mitosis 0.0013 1518 10 1623 79
mitosis 0.0013 392 -16 532 100
mitosis 0.0013 1538 7 1589 47
mitosis 0.0013 1162 337 1198 367
mitosis 0.0013 899 1227 983 1310
mitosis 0.0013 -11 1399 95 1482
mitosis 0.0013 390 30 542 166
mitosis 0.0013 1265 139 1381 224
mitosis 0.0013 681 1442 761 1482
mitosis 0.0013 1051 268 1099 303
mitosis 0.0013 189 1296 237 1339
mitosis 0.0013 641 675 702 723
mitosis 0.0012 971 362 1015 401
mitosis 0.0012 207 120 253 154
mitosis 0.0012 1380 0 1514 98
mitosis 0.0012 1278 634 1441 775
mitosis 0.0012 1556 1173 1671 1303
mitosis 0.0012 -2 1393 36 1455
mitosis 0.0012 1449 111 1485 138
mitosis 0.0012 56 693 177 790
mitosis 0.0012 1214 594 1365 700
mitosis 0.0012 128 480 294 606
mitosis 0.0012 574 281 731 428
mitosis 0.0012 622 176 787 339
mitosis 0.0012 789 -223 1606 431
mitosis 0.0011 1009 1258 1159 1385
mitosis 0.0011 619 1082 783 1215
mitosis 0.0011 28 353 81 402
mitosis 0.0011 631 780 717 866
mitosis 0.0011 1044 83 1210 236
mitosis 0.0011 1273 582 1452 703
mitosis 0.0011 1544 1328 1681 1450
mitosis 0.0011 36 1165 109 1248
mitosis 0.0011 1632 63 1661 94
mitosis 0.0011 597 769 702 878
mitosis 0.0011 1279 350 1345 419
mitosis 0.0011 703 177 868 333
mitosis 0.0011 -5 664 127 782
mitosis 0.0011 969 392 1025 452
mitosis 0.0011 -1 1276 30 1324
mitosis 0.0011 968 420 1013 462
mitosis 0.0011 583 0 643 31
mitosis 0.0011 95 441 139 485
mitosis 0.0011 114 572 279 706
mitosis 0.0011 28 1212 194 1375
mitosis 0.0011 647 317 760 415
mitosis 0.0010 378 537 532 707
mitosis 0.0010 651 856 700 900
mitosis 0.0010 900 1249 1015 1335
mitosis 0.0010 80 719 131 768
mitosis 0.0010 540 166 710 344
mitosis 0.0010 959 1253 1117 1371
mitosis 0.0010 960 17 1065 118
mitosis 0.0010 1333 983 1464 1076
mitosis 0.0010 1250 119 1289 154
mitosis 0.0010 54 1164 96 1212
mitosis 0.0010 613 1038 722 1128
mitosis 0.0010 105 672 250 780
mitosis 0.0010 490 727 530 760
mitosis 0.0010 1456 169 1615 301
mitosis 0.0010 -8 1006 103 1131
mitosis 0.0010 1491 77 1533 110
mitosis 0.0010 207 452 262 499
mitosis 0.0010 -5 544 121 664
mitosis 0.0010 1015 238 1121 326
mitosis 0.0010 560 80 614 131
mitosis 0.0010 1083 565 1125 604
mitosis 0.0010 1308 6 1438 107
mitosis 0.0010 458 261 629 439
mitosis 0.0010 703 1443 798 1484
mitosis 0.0010 12 220 75 273
