mitosis 0.5623 275 1388 344 1451
mitosis 0.2901 1298 567 1355 621
mitosis 0.2402 581 751 666 841
mitosis 0.0862 1427 1206 1486 1252
mitosis 0.0826 338 1123 384 1162
mitosis 0.0678 330 722 402 774
mitosis 0.0619 909 197 947 229
mitosis 0.0443 30 13 76 50
mitosis 0.0334 1071 869 1120 921
mitosis 0.0276 36 594 91 638
mitosis 0.0251 1310 567 1382 626
mitosis 0.0210 1625 -1 1666 26
mitosis 0.0189 138 719 200 777
mitosis 0.0186 535 750 701 956
mitosis 0.0172 230 426 1008 1106
mitosis 0.0169 550 731 687 860
mitosis 0.0162 1602 315 1647 360
mitosis 0.0152 1174 86 1215 124
mitosis 0.0128 1531 823 1577 871
mitosis 0.0108 15 1028 556 1690
mitosis 0.0098 1418 1192 1500 1261
mitosis 0.0097 189 217 1181 1333
mitosis 0.0093 129 698 220 782
mitosis 0.0086 212 1324 361 1457
mitosis 0.0086 455 725 516 772
mitosis 0.0083 588 706 793 853
mitosis 0.0082 216 1374 364 1536
mitosis 0.0075 657 1375 718 1428
mitosis 0.0071 261 1375 464 1528
mitosis 0.0067 455 1448 519 1482
mitosis 0.0066 1156 1 1192 21
mitosis 0.0063 -60 948 779 1912
mitosis 0.0061 1612 -5 1666 39
mitosis 0.0056 1016 1413 1118 1477
mitosis 0.0056 0 514 56 566
mitosis 0.0050 1494 1376 1546 1421
mitosis 0.0048 1413 981 1454 1024
mitosis 0.0047 222 1258 268 1293
mitosis 0.0046 1055 857 1141 933
mitosis 0.0043 328 1101 404 1172
mitosis 0.0043 259 1399 328 1460
mitosis 0.0041 250 1322 474 1445
mitosis 0.0039 1580 303 1660 376
mitosis 0.0037 1305 575 1363 645
mitosis 0.0036 252 492 297 536
mitosis 0.0035 606 772 675 836
mitosis 0.0033 21 0 90 67
mitosis 0.0032 335 719 440 786
mitosis 0.0031 93 35 141 79
mitosis 0.0031 353 695 486 788
mitosis 0.0031 351 739 698 867
mitosis 0.0031 880 961 919 1000
mitosis 0.0030 1209 563 1359 703
mitosis 0.0030 449 716 543 791
mitosis 0.0030 1609 322 1658 373
mitosis 0.0029 1286 570 1428 695
mitosis 0.0029 578 780 650 848
mitosis 0.0028 315 697 412 779
mitosis 0.0027 1508 810 1594 883
mitosis 0.0027 653 1369 755 1440
mitosis 0.0027 1357 1461 1409 1485
mitosis 0.0026 433 1442 504 1484
mitosis 0.0026 1614 865 1660 913
mitosis 0.0026 727 1425 774 1465
mitosis 0.0025 883 329 1679 925
mitosis 0.0025 8 572 102 642
mitosis 0.0025 713 0 756 21
mitosis 0.0023 1163 305 1263 377
mitosis 0.0023 1249 4 1342 78
mitosis 0.0022 689 7 785 79
mitosis 0.0022 884 174 973 244
mitosis 0.0022 9 596 107 670
mitosis 0.0022 -1 631 95 708
mitosis 0.0022 0 1457 53 1488
mitosis 0.0022 541 644 683 808
mitosis 0.0021 1636 332 1664 376
mitosis 0.0021 1097 1337 1133 1369
mitosis 0.0021 317 723 425 846
mitosis 0.0020 0 646 38 690
mitosis 0.0020 269 1338 350 1428
mitosis 0.0020 1260 15 1321 71
mitosis 0.0020 158 671 241 768
mitosis 0.0019 701 1395 813 1472
mitosis 0.0019 332 1103 381 1155
mitosis 0.0019 2 972 38 1009
mitosis 0.0019 1307 533 1372 607
mitosis 0.0019 437 1430 547 1483
mitosis 0.0019 154 717 232 786
mitosis 0.0018 224 1368 328 1446
mitosis 0.0018 134 706 264 851
mitosis 0.0018 1325 460 1388 509
mitosis 0.0017 710 2 767 49
mitosis 0.0017 935 857 983 892
mitosis 0.0017 1146 -4 1201 32
mitosis 0.0016 468 1166 514 1203
mitosis 0.0016 1635 1349 1668 1397
mitosis 0.0016 1554 1317 1614 1366
mitosis 0.0016 1166 319 1236 370
mitosis 0.0016 286 1396 376 1466
mitosis 0.0016 1546 1385 1650 1471
mitosis 0.0015 885 850 941 885
mitosis 0.0015 27 333 715 1051
mitosis 0.0015 845 907 894 948
mitosis 0.0015 875 854 979 940
mitosis 0.0015 682 1364 786 1453
mitosis 0.0014 1295 517 1430 625
mitosis 0.0014 376 1351 532 1480
mitosis 0.0014 1218 518 1356 627
mitosis 0.0014 -2 496 87 581
mitosis 0.0014 1 967 48 1029
mitosis 0.0014 1482 759 1531 805
mitosis 0.0014 1488 1334 1604 1435
mitosis 0.0014 1 646 59 700
mitosis 0.0014 765 1050 822 1107
mitosis 0.0014 36 721 204 846
mitosis 0.0013 204 1268 325 1386
mitosis 0.0013 1556 564 1677 692
mitosis 0.0013 1390 1174 1509 1291
mitosis 0.0013 747 1048 844 1141
mitosis 0.0013 465 1343 614 1474
mitosis 0.0013 1537 1324 1645 1433
mitosis 0.0013 -7 1149 102 1273
mitosis 0.0013 601 1379 657 1430
mitosis 0.0013 741 893 780 930
mitosis 0.0013 1561 500 1673 621
mitosis 0.0013 905 176 954 225
mitosis 0.0013 589 743 634 789
mitosis 0.0012 320 737 398 800
mitosis 0.0012 190 452 248 501
mitosis 0.0012 316 1114 415 1218
mitosis 0.0012 1541 1297 1643 1390
mitosis 0.0012 1533 121 1669 268
mitosis 0.0012 1485 1372 1596 1456
mitosis 0.0012 1552 649 1680 789
mitosis 0.0012 -1 1434 82 1484
mitosis 0.0012 1107 941 1782 1486
mitosis 0.0012 168 635 234 698
mitosis 0.0012 1559 419 1674 551
mitosis 0.0011 1387 974 1455 1018
mitosis 0.0011 1077 875 1133 936
mitosis 0.0011 1571 -1 1657 73
mitosis 0.0011 839 867 961 959
mitosis 0.0011 270 1251 426 1419
mitosis 0.0011 1203 663 1322 766
mitosis 0.0011 1424 285 1482 327
mitosis 0.0011 875 1318 1037 1479
mitosis 0.0011 898 201 948 241
mitosis 0.0011 1231 713 1281 753
mitosis 0.0011 -3 964 99 1062
mitosis 0.0011 1143 54 1248 129
mitosis 0.0011 -316 460 542 1091
mitosis 0.0010 955 556 1132 708
mitosis 0.0010 952 719 1130 872
mitosis 0.0010 929 1403 1082 1488
mitosis 0.0010 1624 304 1665 356
mitosis 0.0010 1559 838 1656 905
mitosis 0.0010 47 209 163 317
mitosis 0.0010 -9 1082 102 1220
mitosis 0.0010 499 582 565 639
mitosis 0.0010 1125 551 1312 722
mitosis 0.0010 556 755 634 840
mitosis 0.0010 165 644 243 729
mitosis 0.0010 1093 3 1219 94
mitosis 0.0010 1276 610 1417 745
mitosis 0.0010 1446 216 1485 243
mitosis 0.0010 14 1408 153 1480
mitosis 0.0010 0 935 37 1007
mitosis 0.0010 1238 443 1288 490
mitosis 0.0010 341 1437 457 1491
mitosis 0.0010 602 1382 739 1472
mitosis 0.0010 918 858 989 920
mitosis 0.0010 769 1330 915 1460
mitosis 0.0010 402 1147 544 1273
mitosis 0.0010 745 1394 876 1481
