mitosis 0.5691 132 1317 192 1371
mitosis 0.2904 310 1048 341 1079
mitosis 0.2560 285 67 315 95
mitosis 0.1358 632 828 671 863
mitosis 0.1283 275 543 310 575
mitosis 0.1165 510 396 553 434
mitosis 0.0946 614 1165 675 1213
mitosis 0.0528 1000 375 1037 409
mitosis 0.0518 124 1154 153 1184
mitosis 0.0325 295 1044 337 1082
mitosis 0.0271 561 1437 623 1485
mitosis 0.0243 827 0 868 30
mitosis 0.0234 100 935 135 965
mitosis 0.0158 219 1455 277 1487
mitosis 0.0154 1038 405 1066 433
mitosis 0.0123 606 275 645 311
mitosis 0.0095 607 1151 694 1224
mitosis 0.0093 836 1215 878 1252
mitosis 0.0085 1348 867 1390 901
mitosis 0.0084 549 1423 643 1482
mitosis 0.0079 611 963 660 1009
mitosis 0.0071 120 812 165 849
mitosis 0.0070 1499 1294 1535 1331
mitosis 0.0068 281 542 326 578
mitosis 0.0067 799 1442 851 1479
mitosis 0.0064 121 1304 179 1363
mitosis 0.0061 99 1463 146 1486
mitosis 0.0059 502 378 571 450
mitosis 0.0058 126 1332 187 1386
mitosis 0.0055 40 1296 189 1445
mitosis 0.0053 1123 465 1167 504
mitosis 0.0051 89 520 139 555
mitosis 0.0050 -177 1115 426 1614
mitosis 0.0049 789 537 829 582
mitosis 0.0046 732 538 771 581
mitosis 0.0046 109 1327 170 1371
mitosis 0.0045 439 791 491 834
mitosis 0.0044 764 658 806 695
mitosis 0.0044 1627 732 1664 784
mitosis 0.0044 201 838 240 871
mitosis 0.0043 228 1348 260 1383
mitosis 0.0043 262 1042 298 1075
mitosis 0.0042 129 1303 260 1444
mitosis 0.0041 1370 1415 1407 1454
mitosis 0.0041 300 1029 365 1094
mitosis 0.0041 730 560 772 613
mitosis 0.0040 1149 1225 1190 1264
mitosis 0.0039 54 812 98 849
mitosis 0.0038 191 901 230 936
mitosis 0.0037 47 1255 186 1368
mitosis 0.0036 399 228 434 264
mitosis 0.0034 1626 312 1664 358
mitosis 0.0033 1061 980 1103 1018
mitosis 0.0033 364 1119 407 1163
mitosis 0.0033 236 1460 294 1484
mitosis 0.0033 810 1188 848 1222
mitosis 0.0032 144 849 183 890
mitosis 0.0032 763 326 806 364
mitosis 0.0031 152 1325 231 1375
mitosis 0.0031 289 54 328 92
mitosis 0.0030 47 659 94 702
mitosis 0.0030 565 1326 609 1365
mitosis 0.0028 152 1306 215 1359
mitosis 0.0028 1562 879 1593 914
mitosis 0.0028 1364 138 1423 183
mitosis 0.0028 575 985 616 1024
mitosis 0.0027 992 1465 1035 1486
mitosis 0.0027 731 543 781 602
mitosis 0.0027 501 386 546 429
mitosis 0.0027 540 1147 698 1301
mitosis 0.0026 126 1258 261 1369
mitosis 0.0025 422 778 509 847
mitosis 0.0025 1366 1374 1422 1437
mitosis 0.0024 729 580 768 625
mitosis 0.0024 620 809 696 876
mitosis 0.0023 200 1457 260 1486
mitosis 0.0023 275 551 314 590
mitosis 0.0023 147 1293 197 1350
mitosis 0.0023 958 770 1005 812
mitosis 0.0023 540 83 584 124
mitosis 0.0023 163 293 202 331
mitosis 0.0023 601 940 649 998
mitosis 0.0023 227 948 1005 1491
mitosis 0.0022 265 526 327 592
mitosis 0.0022 1380 1392 1426 1442
mitosis 0.0022 1640 1036 1664 1080
mitosis 0.0022 1488 207 1529 239
mitosis 0.0022 1015 390 1057 428
mitosis 0.0022 858 301 918 346
mitosis 0.0021 1608 257 1655 317
mitosis 0.0021 160 765 194 802
mitosis 0.0020 602 1171 654 1210
mitosis 0.0020 995 365 1086 431
mitosis 0.0019 1158 1232 1215 1270
mitosis 0.0019 1393 832 1430 864
mitosis 0.0019 214 875 250 906
mitosis 0.0019 274 58 312 92
mitosis 0.0019 1345 1362 1437 1449
mitosis 0.0018 1334 1452 1379 1483
mitosis 0.0018 269 47 336 116
mitosis 0.0018 1362 1375 1404 1416
mitosis 0.0018 1144 119 1197 160
mitosis 0.0018 123 820 177 865
mitosis 0.0018 275 516 318 569
mitosis 0.0018 450 597 487 628
mitosis 0.0018 808 1 859 26
mitosis 0.0018 248 735 290 775
mitosis 0.0017 208 1439 270 1485
mitosis 0.0017 632 1283 664 1317
mitosis 0.0017 643 4 695 44
mitosis 0.0017 1188 1245 1227 1283
mitosis 0.0017 780 1422 882 1485
mitosis 0.0017 1029 387 1091 431
mitosis 0.0017 84 225 130 274
mitosis 0.0017 594 966 649 1018
mitosis 0.0017 1241 516 1276 544
mitosis 0.0017 596 919 642 960
mitosis 0.0017 583 948 674 1025
mitosis 0.0017 201 1428 305 1487
mitosis 0.0016 436 240 492 285
mitosis 0.0016 1184 268 1227 308
mitosis 0.0016 1573 244 1667 348
mitosis 0.0016 1568 0 1613 23
mitosis 0.0016 1605 721 1661 776
mitosis 0.0016 496 236 538 274
mitosis 0.0015 1171 1237 1224 1278
mitosis 0.0015 282 1037 331 1076
mitosis 0.0015 1056 378 1117 432
mitosis 0.0014 1361 1351 1425 1417
mitosis 0.0014 267 1043 321 1081
mitosis 0.0014 272 71 310 108
mitosis 0.0014 609 1119 682 1207
mitosis 0.0014 1479 1461 1523 1487
mitosis 0.0014 9 639 113 714
mitosis 0.0014 522 412 695 562
mitosis 0.0014 1 1212 22 1249
mitosis 0.0014 728 1292 768 1329
mitosis 0.0013 482 399 544 441
mitosis 0.0013 678 196 729 232
mitosis 0.0013 745 538 794 583
mitosis 0.0013 1425 887 1478 918
mitosis 0.0013 201 886 241 924
mitosis 0.0013 515 402 564 445
mitosis 0.0013 1413 1087 1455 1134
mitosis 0.0013 1471 566 1524 606
mitosis 0.0013 1500 279 1544 324
mitosis 0.0013 70 1142 189 1279
mitosis 0.0013 315 1053 350 1087
mitosis 0.0013 708 709 875 875
mitosis 0.0013 983 6 1027 34
mitosis 0.0013 545 1111 694 1220
mitosis 0.0013 119 761 150 794
mitosis 0.0013 607 1178 669 1228
mitosis 0.0013 71 502 166 577
mitosis 0.0012 -11 1160 123 1296
mitosis 0.0012 817 1210 870 1253
mitosis 0.0012 390 1392 552 1488
mitosis 0.0012 896 623 947 679
mitosis 0.0012 1511 1124 1584 1186
mitosis 0.0012 579 1416 732 1485
mitosis 0.0012 844 273 928 356
mitosis 0.0012 699 462 736 502
mitosis 0.0012 304 131 452 274
mitosis 0.0012 886 127 925 160
mitosis 0.0012 85 1358 211 1468
mitosis 0.0012 1127 278 1167 308
mitosis 0.0012 725 533 816 616
mitosis 0.0012 1282 740 1320 774
mitosis 0.0012 125 855 252 951
mitosis 0.0011 627 805 672 856
mitosis 0.0011 1101 981 1138 1018
mitosis 0.0011 255 1036 289 1071
mitosis 0.0011 258 147 296 186
mitosis 0.0011 76 1122 185 1217
mitosis 0.0011 605 1159 777 1292
mitosis 0.0011 751 868 811 927
mitosis 0.0011 623 1013 781 1161
mitosis 0.0011 563 1272 668 1374
mitosis 0.0011 341 1092 430 1173
mitosis 0.0011 877 660 911 691
mitosis 0.0011 284 633 453 807
mitosis 0.0011 584 254 677 333
mitosis 0.0011 602 1103 784 1219
mitosis 0.0011 1221 685 1265 725
mitosis 0.0011 1566 697 1665 788
mitosis 0.0011 564 974 681 1116
mitosis 0.0011 287 66 342 103
mitosis 0.0011 298 1061 394 1145
mitosis 0.0010 661 336 696 372
mitosis 0.0010 268 743 312 785
mitosis 0.0010 617 824 661 864
mitosis 0.0010 834 301 906 355
mitosis 0.0010 1132 1207 1232 1286
mitosis 0.0010 835 108 941 220
mitosis 0.0010 888 1135 945 1176
mitosis 0.0010 697 547 790 637
mitosis 0.0010 430 748 510 830
mitosis 0.0010 1602 312 1660 373
mitosis 0.0010 366 582 410 612
mitosis 0.0010 740 1440 806 1478
mitosis 0.0010 1608 280 1660 351
mitosis 0.0010 1301 457 1349 501
mitosis 0.0010 1339 1430 1410 1472
mitosis 0.0010 484 1087 660 1236
mitosis 0.0010 112 808 215 881
mitosis 0.0010 1539 837 1653 933
mitosis 0.0010 1546 864 1592 915
mitosis 0.0010 1099 262 1159 304
mitosis 0.0010 1135 109 1238 203
mitosis 0.0010 253 545 291 577
mitosis 0.0010 11 1398 47 1432
mitosis 0.0010 -14 1230 128 1366
mitosis 0.0010 77 202 133 264
