mitosis 0.4020 0 1195 27 1239
mitosis 0.2695 168 733 214 796
mitosis 0.1461 1203 554 1253 601
mitosis 0.1272 1288 1433 1350 1478
mitosis 0.0766 1263 92 1302 131
mitosis 0.0640 559 211 602 256
mitosis 0.0406 993 1311 1046 1361
mitosis 0.0301 876 148 911 190
mitosis 0.0298 550 218 606 274
mitosis 0.0243 776 319 819 359
mitosis 0.0212 1396 523 1441 562
mitosis 0.0170 150 727 234 803
mitosis 0.0161 89 1390 125 1421
mitosis 0.0142 1197 541 1264 615
mitosis 0.0109 1279 1414 1363 1489
mitosis 0.0101 977 1296 1061 1366
mitosis 0.0099 548 238 593 282
mitosis 0.0093 -6 1181 35 1230
mitosis 0.0076 172 722 213 774
mitosis 0.0073 1279 1445 1339 1485
mitosis 0.0070 199 1352 246 1390
mitosis 0.0069 1587 63 1652 115
mitosis 0.0066 164 755 208 802
mitosis 0.0065 1558 1299 1595 1338
mitosis 0.0061 671 898 713 957
mitosis 0.0061 1635 125 1663 173
mitosis 0.0056 570 209 622 253
mitosis 0.0056 690 1248 778 1329
mitosis 0.0053 1616 1194 1658 1238
mitosis 0.0052 0 1176 43 1254
mitosis 0.0049 480 1354 524 1393
mitosis 0.0046 540 247 578 282
mitosis 0.0042 706 1261 767 1319
mitosis 0.0040 203 1427 248 1474
mitosis 0.0039 1247 77 1312 149
mitosis 0.0038 1569 50 1655 131
mitosis 0.0036 1637 141 1664 187
mitosis 0.0036 747 904 785 954
mitosis 0.0036 535 207 624 278
mitosis 0.0034 -3 1203 39 1245
mitosis 0.0033 253 -1 300 31
mitosis 0.0033 917 539 957 578
mitosis 0.0032 179 759 224 807
mitosis 0.0031 35 1 86 42
mitosis 0.0029 1541 1063 1573 1106
mitosis 0.0029 1407 231 1447 272
mitosis 0.0028 1326 1391 1377 1438
mitosis 0.0028 113 460 173 520
mitosis 0.0027 22 1351 53 1380
mitosis 0.0025 192 500 229 542
mitosis 0.0025 150 751 201 816
mitosis 0.0024 196 562 233 597
mitosis 0.0024 1254 70 1304 125
mitosis 0.0024 1533 875 1670 1014
mitosis 0.0024 -2 1158 23 1219
mitosis 0.0024 1273 256 1325 304
mitosis 0.0023 1601 1193 1648 1243
mitosis 0.0022 157 1388 199 1430
mitosis 0.0022 1262 102 1299 145
mitosis 0.0022 1354 1342 1393 1378
mitosis 0.0022 1382 505 1469 577
mitosis 0.0021 77 1394 122 1436
mitosis 0.0021 990 1275 1053 1349
mitosis 0.0020 756 308 840 379
mitosis 0.0020 1507 1305 1538 1333
mitosis 0.0020 607 533 643 567
mitosis 0.0020 174 772 212 817
mitosis 0.0019 998 352 1041 399
mitosis 0.0019 12 3 68 46
mitosis 0.0019 1430 407 1464 437
mitosis 0.0019 325 101 368 135
mitosis 0.0019 876 282 932 341
mitosis 0.0018 -117 2 850 672
mitosis 0.0018 848 125 935 199
mitosis 0.0018 148 382 191 417
mitosis 0.0017 362 0 409 21
mitosis 0.0017 537 1 582 21
mitosis 0.0017 807 1250 954 1359
mitosis 0.0017 1535 943 1663 1072
mitosis 0.0017 1264 244 1349 313
mitosis 0.0017 1488 789 1651 937
mitosis 0.0016 1208 533 1258 593
mitosis 0.0016 1 1463 49 1485
mitosis 0.0016 137 711 194 778
mitosis 0.0016 1535 1399 1654 1485
mitosis 0.0016 466 369 520 423
mitosis 0.0016 664 888 757 965
mitosis 0.0016 1207 564 1273 622
mitosis 0.0016 1265 606 1301 637
mitosis 0.0015 307 255 462 405
mitosis 0.0015 753 1402 882 1482
mitosis 0.0015 259 1389 308 1431
mitosis 0.0015 123 470 212 535
mitosis 0.0015 -151 302 567 1089
mitosis 0.0015 175 974 221 1023
mitosis 0.0015 1243 38 1306 126
mitosis 0.0015 1553 122 1650 223
mitosis 0.0015 1524 1379 1560 1423
mitosis 0.0015 1557 174 1608 226
mitosis 0.0014 1199 676 1243 731
mitosis 0.0014 294 1024 344 1069
mitosis 0.0014 52 416 90 448
mitosis 0.0014 1330 313 1364 346
mitosis 0.0014 134 672 255 781
mitosis 0.0014 1279 96 1331 134
mitosis 0.0014 569 219 630 273
mitosis 0.0014 135 444 177 484
mitosis 0.0014 1179 495 1275 606
mitosis 0.0013 344 545 435 626
mitosis 0.0013 699 1215 811 1331
mitosis 0.0013 1441 729 1479 768
mitosis 0.0013 1556 9 1647 108
mitosis 0.0013 478 801 515 846
mitosis 0.0013 1529 1028 1651 1151
mitosis 0.0013 529 1082 567 1115
mitosis 0.0013 14 1354 47 1388
mitosis 0.0012 918 839 959 890
mitosis 0.0012 1387 631 1425 669
mitosis 0.0012 1293 -20 1432 83
mitosis 0.0012 140 722 262 848
mitosis 0.0012 1145 1406 1327 1491
mitosis 0.0012 170 168 576 489
mitosis 0.0012 64 1192 88 1221
mitosis 0.0012 350 2 417 46
mitosis 0.0012 1251 1419 1338 1479
mitosis 0.0012 540 1144 724 1324
mitosis 0.0012 16 -6 110 68
mitosis 0.0012 836 240 945 338
mitosis 0.0011 1293 1139 1328 1180
mitosis 0.0011 527 919 574 964
mitosis 0.0011 1579 1442 1658 1488
mitosis 0.0011 951 1304 1110 1448
mitosis 0.0011 1170 562 1242 642
mitosis 0.0011 1421 411 1473 460
mitosis 0.0011 1483 785 1770 1084
mitosis 0.0011 240 1390 305 1448
mitosis 0.0011 470 171 503 200
mitosis 0.0011 1136 623 1192 680
mitosis 0.0011 636 986 803 1156
mitosis 0.0011 1008 1316 1060 1366
mitosis 0.0011 637 1066 797 1247
mitosis 0.0010 192 1072 227 1105
mitosis 0.0010 512 224 610 310
mitosis 0.0010 1538 167 1650 282
mitosis 0.0010 62 1103 99 1135
mitosis 0.0010 642 775 696 823
mitosis 0.0010 199 571 234 609
mitosis 0.0010 548 255 593 296
mitosis 0.0010 1130 607 1236 728
mitosis 0.0010 1553 1182 1662 1302
mitosis 0.0010 842 1270 896 1324
mitosis 0.0010 1547 1110 1660 1239
mitosis 0.0010 278 944 422 1081
mitosis 0.0010 191 1409 300 1484
mitosis 0.0010 655 991 1228 1595
mitosis 0.0010 1628 587 1661 659
mitosis 0.0010 899 315 1041 466
mitosis 0.0010 1295 1396 1388 1469
mitosis 0.0010 1378 -19 1520 88
mitosis 0.0010 780 1298 951 1452
mitosis 0.0010 1172 519 1245 592
mitosis 0.0010 1294 1379 1356 1448
mitosis 0.0010 665 859 716 939
mitosis 0.0010 0 328 26 374
mitosis 0.0010 1586 1167 1650 1249
mitosis 0.0010 1481 424 1517 461
mitosis 0.0010 1517 476 1550 513
mitosis 0.0010 285 90 453 248
mitosis 0.0010 1138 563 1263 706
mitosis 0.0010 985 -9 1110 75
mitosis 0.0010 1325 1447 1424 1487
mitosis 0.0010 150 473 250 569
