mitosis 0.4773 1439 507 1490 560
mitosis 0.4362 258 151 334 216
mitosis 0.4227 1283 427 1354 493
mitosis 0.3590 1020 641 1078 700
mitosis 0.3034 1424 516 1478 562
mitosis 0.2426 163 397 226 446
mitosis 0.2371 873 555 932 609
mitosis 0.1945 -1 1396 42 1448
mitosis 0.0787 191 11 251 61
mitosis 0.0769 1414 525 1456 559
mitosis 0.0617 1087 1070 1139 1119
mitosis 0.0540 1420 500 1495 572
mitosis 0.0345 197 965 243 1005
mitosis 0.0324 1020 201 1068 244
mitosis 0.0164 562 58 605 97
mitosis 0.0108 705 484 795 572
mitosis 0.0105 224 129 349 269
mitosis 0.0100 -96 -126 666 473
mitosis 0.0091 813 -2 854 28
mitosis 0.0086 280 139 340 194
mitosis 0.0080 1213 412 1359 567
mitosis 0.0079 203 884 240 920
mitosis 0.0075 966 1393 1005 1446
mitosis 0.0074 473 361 570 446
mitosis 0.0074 1407 397 1463 435
mitosis 0.0072 925 190 1639 759
mitosis 0.0070 1073 1061 1155 1128
mitosis 0.0069 1077 326 1119 366
mitosis 0.0066 48 785 102 820
mitosis 0.0065 188 739 227 771
mitosis 0.0065 260 112 451 265
mitosis 0.0064 687 1411 737 1469
mitosis 0.0062 1218 453 1258 483
mitosis 0.0060 211 184 356 339
mitosis 0.0060 1290 425 1428 550
mitosis 0.0057 1603 1272 1633 1311
mitosis 0.0054 1026 630 1101 693
mitosis 0.0053 321 862 366 901
mitosis 0.0051 861 549 961 637
mitosis 0.0050 1394 522 1462 565
mitosis 0.0047 31 492 82 533
mitosis 0.0046 1123 799 1171 835
mitosis 0.0046 1237 1347 1274 1385
mitosis 0.0046 1205 371 1362 481
mitosis 0.0044 1099 560 1154 604
mitosis 0.0043 724 500 781 569
mitosis 0.0043 1090 827 1128 869
mitosis 0.0043 213 73 339 195
mitosis 0.0041 176 7 269 76
mitosis 0.0038 1 1407 49 1469
mitosis 0.0036 1465 943 1512 986
mitosis 0.0036 38 267 76 302
mitosis 0.0035 243 162 306 217
mitosis 0.0035 165 384 260 459
mitosis 0.0035 986 640 1075 714
mitosis 0.0034 40 1106 72 1143
mitosis 0.0034 974 642 1099 784
mitosis 0.0031 345 1126 392 1175
mitosis 0.0031 1390 496 1508 633
mitosis 0.0031 -148 131 366 675
mitosis 0.0031 532 93 573 132
mitosis 0.0030 675 1407 769 1479
mitosis 0.0030 1341 328 1382 363
mitosis 0.0030 1446 499 1513 567
mitosis 0.0030 15 148 357 265
mitosis 0.0029 482 56 538 100
mitosis 0.0029 960 1023 998 1061
mitosis 0.0029 654 408 767 512
mitosis 0.0028 227 1015 260 1046
mitosis 0.0027 -24 379 243 472
mitosis 0.0027 930 1379 1020 1459
mitosis 0.0027 356 1 413 22
mitosis 0.0026 408 0 463 20
mitosis 0.0024 364 268 470 343
mitosis 0.0024 1014 187 1080 257
mitosis 0.0024 180 880 233 919
mitosis 0.0023 719 560 840 680
mitosis 0.0023 655 361 1401 1028
mitosis 0.0023 472 35 579 121
mitosis 0.0023 1023 652 1093 717
mitosis 0.0023 1023 636 1195 779
mitosis 0.0023 565 3 614 30
mitosis 0.0023 1381 450 1505 555
mitosis 0.0022 -4 1386 77 1459
mitosis 0.0022 362 -1 442 34
mitosis 0.0022 216 926 256 971
mitosis 0.0022 1007 1128 1035 1156
mitosis 0.0021 9 615 104 683
mitosis 0.0021 150 0 242 65
mitosis 0.0021 132 423 256 547
mitosis 0.0021 1098 518 1164 586
mitosis 0.0020 1225 146 1334 227
mitosis 0.0020 665 446 723 510
mitosis 0.0020 969 591 1101 712
mitosis 0.0020 1438 479 1600 632
mitosis 0.0020 1407 533 1453 569
mitosis 0.0020 1240 180 1289 223
mitosis 0.0019 1499 691 1539 723
mitosis 0.0019 803 573 944 705
mitosis 0.0019 1569 1244 1667 1356
mitosis 0.0018 940 1387 1062 1473
mitosis 0.0018 -15 124 114 259
mitosis 0.0018 652 882 687 926
mitosis 0.0018 632 491 780 641
mitosis 0.0018 1273 128 1401 224
mitosis 0.0017 966 665 1129 830
mitosis 0.0017 1106 77 1930 1017
mitosis 0.0017 1635 790 1665 832
mitosis 0.0017 1288 437 1379 509
mitosis 0.0017 1280 381 1439 475
mitosis 0.0017 407 2 478 41
mitosis 0.0017 520 103 566 146
mitosis 0.0017 223 1014 283 1067
mitosis 0.0017 43 1063 76 1098
mitosis 0.0016 153 365 241 442
mitosis 0.0016 1296 1391 1337 1434
mitosis 0.0016 1387 385 1481 455
mitosis 0.0016 1183 512 1523 642
mitosis 0.0016 32 632 84 681
mitosis 0.0016 1046 304 1155 390
mitosis 0.0015 241 226 1144 878
mitosis 0.0015 143 382 217 454
mitosis 0.0015 852 534 922 621
mitosis 0.0015 178 937 251 1016
mitosis 0.0015 1566 1400 1664 1485
mitosis 0.0015 200 0 259 33
mitosis 0.0015 718 492 846 630
mitosis 0.0015 736 494 814 570
mitosis 0.0015 981 238 1032 277
mitosis 0.0015 1089 777 1193 866
mitosis 0.0015 373 272 439 332
mitosis 0.0015 31 1093 80 1145
mitosis 0.0015 -1 1421 68 1481
mitosis 0.0015 733 1189 765 1222
mitosis 0.0014 -297 81 698 869
mitosis 0.0014 1246 1450 1290 1486
mitosis 0.0014 154 928 191 975
mitosis 0.0014 883 533 952 602
mitosis 0.0014 263 119 344 206
mitosis 0.0014 144 -15 273 108
mitosis 0.0014 86 1344 123 1390
mitosis 0.0013 1539 94 1682 248
mitosis 0.0013 1018 545 1147 659
mitosis 0.0013 507 351 670 472
mitosis 0.0013 1179 6 1238 53
mitosis 0.0013 8 479 104 545
mitosis 0.0013 389 1165 426 1210
mitosis 0.0013 1638 772 1666 822
mitosis 0.0013 1558 1316 1673 1464
mitosis 0.0013 15 761 126 838
mitosis 0.0013 1551 35 1664 144
mitosis 0.0013 1152 1386 1186 1428
mitosis 0.0013 6 1001 42 1041
mitosis 0.0013 1303 300 1433 404
mitosis 0.0013 -5 1316 47 1411
mitosis 0.0013 268 152 366 232
mitosis 0.0013 752 628 805 689
mitosis 0.0013 1498 315 1543 356
mitosis 0.0013 284 62 427 182
mitosis 0.0012 168 736 218 774
mitosis 0.0012 1379 95 1424 135
mitosis 0.0012 1543 186 1690 351
mitosis 0.0012 235 1339 285 1386
mitosis 0.0012 1286 1329 1422 1437
mitosis 0.0012 1266 441 1362 542
mitosis 0.0012 74 1391 251 1490
mitosis 0.0012 1068 1286 1102 1337
mitosis 0.0012 877 510 1021 635
mitosis 0.0012 147 734 205 780
mitosis 0.0012 552 478 724 626
mitosis 0.0012 301 1175 352 1222
mitosis 0.0012 1412 526 1476 577
mitosis 0.0012 1533 285 1665 413
mitosis 0.0012 1418 892 1536 984
mitosis 0.0011 1156 1369 1185 1414
mitosis 0.0011 1433 1441 1483 1477
mitosis 0.0011 684 1341 834 1465
mitosis 0.0011 3 246 105 319
mitosis 0.0011 160 925 218 984
mitosis 0.0011 1309 1267 1340 1300
mitosis 0.0011 1159 961 1200 1000
mitosis 0.0011 189 -28 370 111
mitosis 0.0011 1294 167 1430 297
mitosis 0.0011 706 48 813 147
mitosis 0.0011 533 28 651 129
mitosis 0.0011 1086 536 1147 597
mitosis 0.0011 814 520 936 631
mitosis 0.0011 1560 -1 1669 96
mitosis 0.0011 1170 -5 1296 78
mitosis 0.0011 540 639 715 778
mitosis 0.0011 200 935 251 992
mitosis 0.0011 -12 21 105 141
mitosis 0.0011 1038 1069 1178 1229
mitosis 0.0011 1049 1446 1095 1487
mitosis 0.0011 1483 911 1530 947
mitosis 0.0011 626 717 803 862
mitosis 0.0011 1559 723 1681 857
mitosis 0.0011 1645 991 1661 1034
mitosis 0.0011 1396 1397 1531 1480
mitosis 0.0011 548 555 711 697
mitosis 0.0011 741 591 814 676
mitosis 0.0010 297 839 394 914
mitosis 0.0010 1470 923 1522 978
mitosis 0.0010 1604 1426 1654 1482
mitosis 0.0010 727 615 832 711
mitosis 0.0010 1127 362 1303 494
mitosis 0.0010 539 723 711 854
mitosis 0.0010 790 451 935 599
mitosis 0.0010 871 427 1018 587
mitosis 0.0010 0 892 18 948
mitosis 0.0010 623 814 760 939
mitosis 0.0010 610 25 656 66
mitosis 0.0010 1117 480 1170 521
mitosis 0.0010 1237 412 1340 482
mitosis 0.0010 -13 346 109 494
mitosis 0.0010 1552 1091 1683 1239
mitosis 0.0010 785 627 951 774
mitosis 0.0010 1513 1235 1644 1366
mitosis 0.0010 652 625 814 761
mitosis 0.0010 175 409 240 460
mitosis 0.0010 27 248 82 299
mitosis 0.0010 1313 439 1426 496
mitosis 0.0010 -6 957 104 1080
mitosis 0.0010 1029 581 1195 700
mitosis 0.0010 659 412 731 492
mitosis 0.0010 106 14 947 796
mitosis 0.0010 719 728 872 859
mitosis 0.0010 478 360 546 417
mitosis 0.0010 1185 -93 2076 435
mitosis 0.0010 23 260 167 391
mitosis 0.0010 397 967 441 1013
mitosis 0.0010 671 1 723 30
mitosis 0.0010 455 482 623 632
