mitosis 0.3420 1423 207 1471 256
mitosis 0.1492 724 942 776 997
mitosis 0.0889 423 13 487 82
mitosis 0.0581 580 1248 651 1339
mitosis 0.0488 1349 1256 1389 1294
mitosis 0.0344 1386 1118 1427 1162
mitosis 0.0309 947 178 1000 233
mitosis 0.0275 1253 1080 1295 1126
mitosis 0.0244 19 1338 49 1374
mitosis 0.0214 891 598 977 674
mitosis 0.0197 30 717 78 754
mitosis 0.0182 927 872 1007 935
mitosis 0.0168 1632 1258 1664 1291
mitosis 0.0124 709 933 795 1006
mitosis 0.0112 1401 191 1487 253
mitosis 0.0100 214 329 267 380
mitosis 0.0089 24 1406 69 1459
mitosis 0.0087 872 253 904 287
mitosis 0.0086 1239 674 1286 726
mitosis 0.0080 1535 1367 1568 1410
mitosis 0.0079 866 523 909 563
mitosis 0.0076 1431 1111 1473 1155
mitosis 0.0071 1029 75 1073 122
mitosis 0.0059 1542 516 1581 552
mitosis 0.0053 130 260 159 284
mitosis 0.0053 1394 1115 1458 1163
mitosis 0.0049 563 1255 631 1329
mitosis 0.0048 541 1412 638 1485
mitosis 0.0044 171 321 209 360
mitosis 0.0042 562 1243 673 1379
mitosis 0.0041 1542 586 1587 628
mitosis 0.0041 267 1416 369 1485
mitosis 0.0038 1406 209 1455 260
mitosis 0.0038 284 1442 337 1481
mitosis 0.0037 1501 508 1592 587
mitosis 0.0035 115 958 1124 1623
mitosis 0.0034 6 1327 46 1373
mitosis 0.0034 711 1429 749 1460
mitosis 0.0033 258 336 316 386
mitosis 0.0032 946 166 991 217
mitosis 0.0031 265 628 307 671
mitosis 0.0030 10 698 105 777
mitosis 0.0029 916 1412 1014 1483
mitosis 0.0028 209 220 276 284
mitosis 0.0028 928 1429 986 1476
mitosis 0.0028 391 -11 518 110
mitosis 0.0027 904 1289 941 1340
mitosis 0.0027 915 593 1008 682
mitosis 0.0026 1498 548 1537 584
mitosis 0.0026 1246 1066 1303 1147
mitosis 0.0026 774 462 835 529
mitosis 0.0026 911 587 973 649
mitosis 0.0025 385 26 507 194
mitosis 0.0025 1343 1233 1402 1311
mitosis 0.0025 83 -334 827 391
mitosis 0.0025 1389 1092 1450 1174
mitosis 0.0025 809 487 896 570
mitosis 0.0025 521 1191 648 1341
mitosis 0.0024 938 166 1021 244
mitosis 0.0023 553 1435 613 1487
mitosis 0.0023 1222 656 1307 732
mitosis 0.0023 6 1335 57 1410
mitosis 0.0023 941 88 991 146
mitosis 0.0022 595 1228 664 1321
mitosis 0.0022 608 1167 768 1316
mitosis 0.0022 675 1376 784 1472
mitosis 0.0022 1478 511 1568 602
mitosis 0.0022 1111 1228 1158 1281
mitosis 0.0021 666 1366 708 1404
mitosis 0.0021 737 946 808 1002
mitosis 0.0021 231 1315 371 1485
mitosis 0.0021 523 298 1192 961
mitosis 0.0020 1518 515 1578 571
mitosis 0.0020 405 1251 655 1385
mitosis 0.0020 703 1402 756 1459
mitosis 0.0020 308 60 350 90
mitosis 0.0019 184 320 255 373
mitosis 0.0019 1439 1103 1486 1149
mitosis 0.0018 1374 1102 1431 1183
mitosis 0.0018 1577 249 1606 275
mitosis 0.0018 1519 546 1592 625
mitosis 0.0018 341 1073 384 1117
mitosis 0.0018 838 982 877 1018
mitosis 0.0018 1415 201 1509 275
mitosis 0.0017 200 306 289 378
mitosis 0.0017 6 1389 99 1472
mitosis 0.0017 1133 1456 1176 1483
mitosis 0.0017 921 606 984 668
mitosis 0.0017 290 1303 434 1472
mitosis 0.0017 767 581 973 709
mitosis 0.0017 689 373 735 420
mitosis 0.0017 1026 59 1083 116
mitosis 0.0016 483 1309 628 1470
mitosis 0.0016 402 299 438 329
mitosis 0.0016 1118 1012 1174 1077
mitosis 0.0016 0 939 38 994
mitosis 0.0016 901 875 993 951
mitosis 0.0015 948 491 1109 639
mitosis 0.0015 705 1229 872 1394
mitosis 0.0015 837 508 932 593
mitosis 0.0015 866 607 1027 804
mitosis 0.0015 1253 83 1288 112
mitosis 0.0015 368 1396 532 1489
mitosis 0.0015 621 916 785 1100
mitosis 0.0015 -123 675 1536 1772
mitosis 0.0015 875 1395 996 1488
mitosis 0.0015 1402 559 1436 588
mitosis 0.0014 13 1380 72 1454
mitosis 0.0014 154 856 211 902
mitosis 0.0014 791 341 944 500
mitosis 0.0014 892 1333 1018 1472
mitosis 0.0014 955 727 1119 862
mitosis 0.0013 572 1425 672 1480
mitosis 0.0013 1626 1164 1662 1220
mitosis 0.0013 789 1302 953 1460
mitosis 0.0013 1178 423 1234 469
mitosis 0.0013 210 1258 245 1293
mitosis 0.0013 1557 221 1674 351
mitosis 0.0013 49 87 183 248
mitosis 0.0012 1196 876 1239 915
mitosis 0.0012 179 1405 317 1487
mitosis 0.0012 897 864 1006 1004
mitosis 0.0012 598 1213 776 1378
mitosis 0.0012 709 374 839 499
mitosis 0.0012 820 1243 961 1382
mitosis 0.0012 1191 1392 1374 1485
mitosis 0.0012 1014 47 1102 143
mitosis 0.0012 1145 590 1299 733
mitosis 0.0012 854 437 988 570
mitosis 0.0012 1101 -152 1785 497
mitosis 0.0012 257 679 1119 1322
mitosis 0.0012 375 1298 527 1464
mitosis 0.0012 1562 276 1664 382
mitosis 0.0012 711 928 840 1078
mitosis 0.0011 940 1313 1092 1460
mitosis 0.0011 544 484 695 621
mitosis 0.0011 1531 509 1594 563
mitosis 0.0011 438 29 510 91
mitosis 0.0011 886 725 1040 869
mitosis 0.0011 4 1406 65 1483
mitosis 0.0011 1517 1341 1573 1437
mitosis 0.0011 1392 136 1511 263
mitosis 0.0011 182 193 282 287
mitosis 0.0011 1517 568 1622 646
mitosis 0.0011 1497 1460 1546 1484
mitosis 0.0011 1400 1402 1431 1429
mitosis 0.0011 862 598 966 700
mitosis 0.0011 1555 110 1682 261
mitosis 0.0011 622 429 1263 1264
mitosis 0.0011 618 482 784 621
mitosis 0.0011 1287 1389 1464 1488
mitosis 0.0011 1390 194 1509 332
mitosis 0.0011 887 803 1011 940
mitosis 0.0011 661 1463 706 1487
mitosis 0.0011 1427 219 1487 280
mitosis 0.0011 1452 60 1486 88
mitosis 0.0011 1496 1327 1599 1437
mitosis 0.0010 879 323 1047 482
mitosis 0.0010 213 152 335 283
mitosis 0.0010 548 1080 697 1237
mitosis 0.0010 -5 765 36 850
mitosis 0.0010 1427 1090 1489 1167
mitosis 0.0010 130 826 231 914
mitosis 0.0010 1208 116 1239 144
mitosis 0.0010 703 542 885 715
mitosis 0.0010 971 59 1076 147
mitosis 0.0010 1565 1180 1665 1319
mitosis 0.0010 1244 683 1312 737
mitosis 0.0010 623 872 786 1023
mitosis 0.0010 921 299 957 336
mitosis 0.0010 715 1417 769 1459
mitosis 0.0010 1527 1383 1656 1478
mitosis 0.0010 1554 1246 1660 1378
mitosis 0.0010 612 218 650 252
mitosis 0.0010 -418 927 1001 1800
mitosis 0.0010 1112 1410 1246 1478
mitosis 0.0010 838 823 989 958
mitosis 0.0010 1050 783 1206 939
mitosis 0.0010 710 1153 870 1310
mitosis 0.0010 356 1405 430 1482
mitosis 0.0010 0 794 34 862
