mitosis 0.3043 979 907 1026 950
mitosis 0.1493 298 365 342 406
mitosis 0.1050 479 24 517 65
mitosis 0.0617 1250 1453 1299 1490
mitosis 0.0304 1345 369 1394 402
mitosis 0.0271 551 1126 594 1165
mitosis 0.0226 972 890 1033 962
mitosis 0.0142 1426 790 1464 833
mitosis 0.0131 300 561 344 597
mitosis 0.0118 1621 1316 1663 1385
mitosis 0.0113 16 926 57 970
mitosis 0.0089 1478 67 1516 103
mitosis 0.0088 294 350 354 416
mitosis 0.0077 433 199 477 241
mitosis 0.0075 711 343 749 383
mitosis 0.0062 1328 353 1369 390
mitosis 0.0062 1549 1307 1640 1382
mitosis 0.0058 1611 736 1655 798
mitosis 0.0057 1118 249 1156 281
mitosis 0.0054 624 -1 668 33
mitosis 0.0051 470 4 527 81
mitosis 0.0048 874 999 918 1043
mitosis 0.0044 1069 1359 1126 1412
mitosis 0.0040 1548 1311 1612 1361
mitosis 0.0037 1028 464 1060 498
mitosis 0.0033 1233 1449 1291 1481
mitosis 0.0033 1467 1154 1505 1191
mitosis 0.0030 419 370 451 399
mitosis 0.0030 1055 1350 1147 1425
mitosis 0.0029 672 1302 708 1336
mitosis 0.0029 1498 345 1540 380
mitosis 0.0028 309 670 339 705
mitosis 0.0028 595 360 633 397
mitosis 0.0027 993 910 1050 956
mitosis 0.0027 1328 346 1410 420
mitosis 0.0026 1071 170 1110 199
mitosis 0.0025 981 534 1024 580
mitosis 0.0024 270 1460 309 1483
mitosis 0.0021 988 894 1059 946
mitosis 0.0021 1226 1428 1327 1484
mitosis 0.0021 839 792 877 824
mitosis 0.0021 17 -1 82 46
mitosis 0.0020 815 376 849 415
mitosis 0.0020 1345 1162 1378 1189
mitosis 0.0020 623 564 663 608
mitosis 0.0019 276 540 359 615
mitosis 0.0019 991 202 1029 232
mitosis 0.0018 1612 1293 1664 1408
mitosis 0.0018 541 1106 614 1176
mitosis 0.0017 292 555 333 593
mitosis 0.0016 1032 906 1066 939
mitosis 0.0016 171 445 207 488
mitosis 0.0015 604 673 642 708
mitosis 0.0015 234 906 269 957
mitosis 0.0015 246 548 312 607
mitosis 0.0015 44 972 83 1011
mitosis 0.0015 1357 1129 1398 1165
mitosis 0.0014 150 1288 183 1322
mitosis 0.0014 771 1319 805 1347
mitosis 0.0014 820 930 857 967
mitosis 0.0014 1551 1386 1672 1479
mitosis 0.0014 838 495 881 541
mitosis 0.0014 1418 769 1479 845
mitosis 0.0014 1359 1378 1554 1489
mitosis 0.0013 742 58 782 90
mitosis 0.0013 303 390 437 566
mitosis 0.0013 597 1364 632 1401
mitosis 0.0013 578 1311 615 1355
mitosis 0.0013 1594 722 1661 805
mitosis 0.0012 413 166 505 258
mitosis 0.0012 1415 1337 1453 1373
mitosis 0.0012 697 313 809 406
mitosis 0.0012 1427 6 1467 33
mitosis 0.0012 486 20 540 69
mitosis 0.0012 1350 372 1403 419
mitosis 0.0012 1331 371 1375 406
mitosis 0.0012 961 724 1119 870
mitosis 0.0011 537 1058 665 1176
mitosis 0.0011 9 -4 99 67
mitosis 0.0011 1223 1359 1344 1474
mitosis 0.0011 1101 533 1138 568
mitosis 0.0011 666 1307 719 1350
mitosis 0.0011 1456 661 1490 691
mitosis 0.0011 526 1116 581 1167
mitosis 0.0011 389 407 531 558
mitosis 0.0011 1080 1351 1131 1398
mitosis 0.0011 441 -1 531 96
mitosis 0.0011 1131 565 1159 594
mitosis 0.0011 439 181 484 235
mitosis 0.0011 1108 540 1152 585
mitosis 0.0010 736 412 884 559
mitosis 0.0010 1452 722 1618 848
mitosis 0.0010 70 416 205 550
mitosis 0.0010 1289 305 1401 401
mitosis 0.0010 21 948 78 1004
mitosis 0.0010 139 378 256 493
mitosis 0.0010 138 502 275 624
mitosis 0.0010 1545 192 1688 343
mitosis 0.0010 46 1380 205 1488
mitosis 0.0010 1473 1379 1644 1492
mitosis 0.0010 54 346 198 483
mitosis 0.0010 810 449 928 564
mitosis 0.0010 984 1375 1157 1484
mitosis 0.0010 692 329 745 385
mitosis 0.0010 477 404 618 559
mitosis 0.0010 1045 721 1204 861
mitosis 0.0010 4 902 95 995
mitosis 0.0010 933 865 1033 961
mitosis 0.0010 1557 339 1596 383
mitosis 0.0010 14 1158 145 1276
mitosis 0.0010 1030 251 1065 290
