mitosis 0.2709 36 1379 85 1422
mitosis 0.1558 851 927 904 997
mitosis 0.0483 214 1318 257 1366
mitosis 0.0377 32 47 71 86
mitosis 0.0228 34 1363 94 1434
mitosis 0.0138 780 713 807 752
mitosis 0.0137 281 1196 317 1237
mitosis 0.0126 1157 1031 1199 1080
mitosis 0.0111 604 1395 651 1435
mitosis 0.0110 947 1258 994 1298
mitosis 0.0097 362 177 412 228
mitosis 0.0097 692 -2 731 23
mitosis 0.0091 887 1290 926 1330
mitosis 0.0076 184 880 218 927
mitosis 0.0068 1638 993 1663 1044
mitosis 0.0060 938 1235 990 1295
mitosis 0.0057 1115 609 1142 638
mitosis 0.0057 337 8 372 38
mitosis 0.0057 389 1269 425 1312
mitosis 0.0056 948 1212 985 1249
mitosis 0.0053 943 1218 991 1267
mitosis 0.0051 819 -1 857 20
mitosis 0.0042 1281 1033 1330 1085
mitosis 0.0041 192 1315 247 1365
mitosis 0.0040 92 815 133 847
mitosis 0.0037 211 1302 266 1384
mitosis 0.0036 504 1345 554 1405
mitosis 0.0033 879 1449 920 1486
mitosis 0.0032 908 133 949 179
mitosis 0.0032 1624 -1 1663 33
mitosis 0.0030 1082 859 1120 909
mitosis 0.0030 -2 847 16 903
mitosis 0.0029 309 82 350 121
mitosis 0.0027 1481 150 1525 190
mitosis 0.0026 862 934 936 1013
mitosis 0.0025 970 558 1006 599
mitosis 0.0025 343 153 430 239
mitosis 0.0025 581 1380 669 1457
mitosis 0.0025 240 383 277 424
mitosis 0.0024 1637 970 1661 1027
mitosis 0.0024 1222 150 1262 188
mitosis 0.0024 818 914 909 1011
mitosis 0.0024 1536 328 1583 378
mitosis 0.0023 1323 415 1368 458
mitosis 0.0023 79 296 119 338
mitosis 0.0022 1571 876 1606 916
mitosis 0.0022 648 390 686 434
mitosis 0.0022 18 1375 105 1451
mitosis 0.0022 22 26 81 111
mitosis 0.0022 827 758 872 806
mitosis 0.0021 1406 299 1436 331
mitosis 0.0020 785 738 884 819
mitosis 0.0019 1139 1019 1222 1097
mitosis 0.0019 1210 135 1255 185
mitosis 0.0019 967 681 994 715
mitosis 0.0018 348 339 386 386
mitosis 0.0018 466 1209 494 1233
mitosis 0.0016 490 1318 578 1413
mitosis 0.0016 1330 1375 1475 1481
mitosis 0.0015 325 485 364 532
mitosis 0.0015 817 921 917 1090
mitosis 0.0015 147 1318 184 1355
mitosis 0.0015 1081 918 1114 954
mitosis 0.0015 1565 520 1605 583
mitosis 0.0015 784 709 825 752
mitosis 0.0015 776 696 872 790
mitosis 0.0015 346 417 380 459
mitosis 0.0014 927 1219 1011 1315
mitosis 0.0014 1623 978 1666 1045
mitosis 0.0014 1034 1284 1210 1472
mitosis 0.0014 164 1310 227 1362
mitosis 0.0013 1340 139 1390 191
mitosis 0.0013 625 295 758 434
mitosis 0.0013 936 1276 1125 1461
mitosis 0.0013 0 1082 133 1230
mitosis 0.0013 187 1286 273 1375
mitosis 0.0013 1071 592 1125 653
mitosis 0.0013 380 729 532 864
mitosis 0.0013 807 751 900 897
mitosis 0.0013 871 1430 929 1489
mitosis 0.0013 734 494 762 526
mitosis 0.0013 798 561 951 710
mitosis 0.0012 1335 1387 1376 1435
mitosis 0.0012 1564 720 1606 770
mitosis 0.0012 1308 -1 1397 41
mitosis 0.0012 454 561 1273 1270
mitosis 0.0012 1236 474 1269 523
mitosis 0.0012 1303 378 1403 472
mitosis 0.0012 1084 869 1137 934
mitosis 0.0011 858 1181 996 1331
mitosis 0.0011 468 728 613 857
mitosis 0.0011 1502 321 1601 402
mitosis 0.0011 1393 293 1431 331
mitosis 0.0011 467 487 610 634
mitosis 0.0011 581 301 613 333
mitosis 0.0011 1231 466 1263 510
mitosis 0.0011 1158 67 1292 193
mitosis 0.0011 713 559 860 721
mitosis 0.0011 -3 926 130 1078
mitosis 0.0011 524 1249 678 1417
mitosis 0.0011 553 558 694 718
mitosis 0.0011 895 1095 1034 1259
mitosis 0.0011 624 559 774 718
mitosis 0.0011 513 1351 628 1450
mitosis 0.0011 371 154 423 216
mitosis 0.0011 1161 205 1196 241
mitosis 0.0011 1283 577 1315 610
mitosis 0.0010 690 -8 807 73
mitosis 0.0010 936 1263 982 1303
mitosis 0.0010 545 482 689 641
mitosis 0.0010 880 782 1027 950
mitosis 0.0010 914 1239 1027 1339
mitosis 0.0010 464 864 1795 1860
mitosis 0.0010 1545 1385 1674 1481
mitosis 0.0010 930 401 966 446
mitosis 0.0010 622 482 773 637
mitosis 0.0010 267 1197 309 1247
mitosis 0.0010 1547 657 1662 780
mitosis 0.0010 393 645 524 788
mitosis 0.0010 331 2 385 44
mitosis 0.0010 291 86 334 123
mitosis 0.0010 4 392 114 548
mitosis 0.0010 1239 489 1273 532
mitosis 0.0010 796 477 951 637
mitosis 0.0010 -2 1163 128 1317
mitosis 0.0010 707 479 859 635
mitosis 0.0010 1640 956 1662 1007
