mitosis 0.3048 171 929 243 990
mitosis 0.0795 7 193 47 241
mitosis 0.0224 320 157 371 203
mitosis 0.0168 1285 1405 1323 1448
mitosis 0.0148 257 503 312 554
mitosis 0.0138 1602 410 1646 456
mitosis 0.0128 175 575 222 611
mitosis 0.0078 728 209 822 281
mitosis 0.0077 718 719 787 774
mitosis 0.0076 809 1411 873 1478
mitosis 0.0071 179 1355 216 1399
mitosis 0.0068 122 1352 166 1396
mitosis 0.0064 399 802 454 856
mitosis 0.0059 1532 252 1601 297
mitosis 0.0059 673 1414 720 1454
mitosis 0.0054 1565 1060 1596 1093
mitosis 0.0052 5 172 61 247
mitosis 0.0049 141 928 251 1084
mitosis 0.0047 1523 149 1625 225
mitosis 0.0038 -256 644 657 1343
mitosis 0.0037 1325 591 1366 629
mitosis 0.0034 440 344 499 397
mitosis 0.0034 1613 1286 1642 1323
mitosis 0.0034 305 1323 337 1355
mitosis 0.0033 1421 271 1475 316
mitosis 0.0031 506 17 548 48
mitosis 0.0030 155 883 247 1006
mitosis 0.0030 1380 1056 1419 1092
mitosis 0.0029 746 723 792 768
mitosis 0.0026 159 1351 211 1404
mitosis 0.0026 1465 93 1513 126
mitosis 0.0026 253 483 326 567
mitosis 0.0025 1578 385 1659 472
mitosis 0.0025 1617 414 1658 459
mitosis 0.0024 387 796 472 869
mitosis 0.0024 1318 1146 1357 1194
mitosis 0.0023 313 140 387 215
mitosis 0.0023 191 938 257 995
mitosis 0.0022 1554 165 1617 221
mitosis 0.0022 1555 107 1609 159
mitosis 0.0022 1510 190 1613 280
mitosis 0.0021 1402 305 1456 347
mitosis 0.0021 647 1398 754 1472
mitosis 0.0021 426 972 472 1024
mitosis 0.0020 1001 829 1053 887
mitosis 0.0020 999 270 1040 303
mitosis 0.0019 1522 86 1633 182
mitosis 0.0019 1132 185 1179 217
mitosis 0.0019 1318 279 1365 316
mitosis 0.0019 1386 236 1495 321
mitosis 0.0018 1044 71 1081 104
mitosis 0.0018 423 329 513 401
mitosis 0.0018 944 3 985 24
mitosis 0.0018 714 730 767 782
mitosis 0.0018 972 60 1017 92
mitosis 0.0018 740 720 811 780
mitosis 0.0017 1633 350 1664 397
mitosis 0.0017 1611 373 1660 456
mitosis 0.0017 1641 1038 1662 1083
mitosis 0.0016 775 266 815 298
mitosis 0.0016 1259 1380 1351 1458
mitosis 0.0016 153 163 198 200
mitosis 0.0016 812 0 865 20
mitosis 0.0015 414 1097 452 1145
mitosis 0.0015 1546 1448 1590 1486
mitosis 0.0015 752 241 818 297
mitosis 0.0015 755 221 814 276
mitosis 0.0015 170 944 258 1025
mitosis 0.0014 322 464 400 522
mitosis 0.0014 1316 581 1369 642
mitosis 0.0014 665 305 717 348
mitosis 0.0013 661 142 808 276
mitosis 0.0013 491 3 590 67
mitosis 0.0013 1386 1315 1421 1347
mitosis 0.0013 1168 623 1272 711
mitosis 0.0013 1182 1331 1217 1364
mitosis 0.0013 820 1405 945 1486
mitosis 0.0013 307 156 404 245
mitosis 0.0013 508 779 541 807
mitosis 0.0013 994 267 1050 323
mitosis 0.0012 599 1054 665 1111
mitosis 0.0012 537 900 574 939
mitosis 0.0012 -41 884 258 1018
mitosis 0.0012 710 214 865 316
mitosis 0.0012 202 826 355 1033
mitosis 0.0011 1319 1169 1355 1206
mitosis 0.0011 1466 1331 1506 1367
mitosis 0.0011 465 196 511 243
mitosis 0.0011 88 703 131 752
mitosis 0.0011 1541 1393 1643 1475
mitosis 0.0011 589 258 626 283
mitosis 0.0011 920 1129 974 1177
mitosis 0.0011 982 984 1020 1014
mitosis 0.0011 464 404 622 563
mitosis 0.0011 540 317 583 353
mitosis 0.0011 354 764 466 859
mitosis 0.0011 650 -2 789 82
mitosis 0.0010 1350 271 1395 309
mitosis 0.0010 1380 1390 1540 1477
mitosis 0.0010 700 -3 836 82
mitosis 0.0010 169 203 210 239
mitosis 0.0010 659 1393 717 1456
mitosis 0.0010 1049 979 1084 1016
mitosis 0.0010 1530 1454 1581 1484
mitosis 0.0010 159 555 233 626
mitosis 0.0010 939 1032 979 1065
mitosis 0.0010 1523 178 1582 223
mitosis 0.0010 129 1336 226 1414
mitosis 0.0010 187 466 317 560
mitosis 0.0010 812 1441 871 1491
mitosis 0.0010 363 -97 1189 617
mitosis 0.0010 1327 1052 1390 1099
mitosis 0.0010 1527 234 1613 307
mitosis 0.0010 563 227 836 324
mitosis 0.0010 548 491 701 621
