mitosis 0.1571 1527 376 1576 430
mitosis 0.0706 200 1248 240 1285
mitosis 0.0582 485 1078 541 1118
mitosis 0.0219 237 780 286 831
mitosis 0.0203 535 1386 572 1423
mitosis 0.0183 14 8 57 47
mitosis 0.0146 1394 1298 1488 1370
mitosis 0.0133 1327 1153 1360 1188
mitosis 0.0133 577 1191 633 1248
mitosis 0.0119 1286 0 1324 27
mitosis 0.0118 1082 1348 1120 1389
mitosis 0.0111 1472 1412 1594 1482
mitosis 0.0101 943 37 986 86
mitosis 0.0092 1626 937 1656 972
mitosis 0.0079 1348 535 1390 579
mitosis 0.0075 1123 646 1175 712
mitosis 0.0071 275 405 316 452
mitosis 0.0063 524 1388 568 1439
mitosis 0.0061 524 1417 561 1455
mitosis 0.0057 1630 86 1666 131
mitosis 0.0056 491 1156 536 1203
mitosis 0.0052 476 1061 559 1132
mitosis 0.0046 534 19 598 68
mitosis 0.0046 255 1210 288 1250
mitosis 0.0045 6 160 83 231
mitosis 0.0044 1299 877 1330 918
mitosis 0.0042 1554 351 1580 380
mitosis 0.0041 559 1184 644 1261
mitosis 0.0037 366 1020 405 1055
mitosis 0.0036 1544 354 1583 408
mitosis 0.0033 1514 363 1579 447
mitosis 0.0032 233 1446 284 1485
mitosis 0.0032 528 8 624 85
mitosis 0.0031 1538 387 1586 435
mitosis 0.0030 571 193 596 225
mitosis 0.0029 488 1159 520 1195
mitosis 0.0029 209 764 304 835
mitosis 0.0028 217 1396 320 1474
mitosis 0.0026 510 1389 608 1472
mitosis 0.0026 812 1054 844 1093
mitosis 0.0025 649 367 685 399
mitosis 0.0025 1110 148 1148 191
mitosis 0.0024 1105 641 1189 730
mitosis 0.0024 144 836 176 871
mitosis 0.0023 1339 23 1426 107
mitosis 0.0023 192 1225 248 1305
mitosis 0.0022 1493 1437 1564 1480
mitosis 0.0022 1577 283 1622 327
mitosis 0.0022 1424 1387 1656 1525
mitosis 0.0021 1372 1320 1516 1437
mitosis 0.0020 1111 662 1168 722
mitosis 0.0020 1441 59 1470 98
mitosis 0.0019 935 16 1000 83
mitosis 0.0019 510 1079 559 1123
mitosis 0.0019 1009 1131 1048 1180
mitosis 0.0019 1377 1265 1517 1364
mitosis 0.0018 1348 49 1416 100
mitosis 0.0018 1125 882 1763 1689
mitosis 0.0018 783 1301 821 1342
mitosis 0.0018 278 381 323 445
mitosis 0.0018 1431 1433 1538 1485
mitosis 0.0017 351 819 409 874
mitosis 0.0017 1617 926 1660 977
mitosis 0.0016 1160 1429 1200 1461
mitosis 0.0016 628 855 665 902
mitosis 0.0016 1459 339 1557 430
mitosis 0.0016 612 0 664 20
mitosis 0.0015 712 717 749 760
mitosis 0.0015 0 155 30 217
mitosis 0.0015 268 1397 311 1442
mitosis 0.0014 821 132 852 166
mitosis 0.0014 1431 334 1513 407
mitosis 0.0013 34 1388 189 1480
mitosis 0.0013 474 1084 537 1139
mitosis 0.0013 1 0 87 65
mitosis 0.0013 1511 1431 1588 1486
mitosis 0.0013 1297 670 1416 781
mitosis 0.0013 1127 1399 1275 1482
mitosis 0.0013 561 183 598 224
mitosis 0.0012 301 332 343 377
mitosis 0.0012 1479 1106 1522 1138
mitosis 0.0012 573 1452 626 1486
mitosis 0.0012 246 1397 376 1483
mitosis 0.0012 -8 148 48 216
mitosis 0.0012 1131 487 1275 640
mitosis 0.0012 1637 78 1663 119
mitosis 0.0012 1435 328 1492 388
mitosis 0.0012 1334 506 1406 592
mitosis 0.0012 1276 727 1358 809
mitosis 0.0011 1533 1436 1626 1481
mitosis 0.0011 58 1460 107 1484
mitosis 0.0011 1319 1399 1481 1486
mitosis 0.0011 714 1228 756 1279
mitosis 0.0011 622 1392 804 1490
mitosis 0.0011 1059 694 1205 831
mitosis 0.0011 1395 1438 1489 1485
mitosis 0.0011 1288 1394 1607 1533
mitosis 0.0011 1530 354 1601 439
mitosis 0.0011 1048 298 1090 341
mitosis 0.0011 1185 1253 1237 1299
mitosis 0.0010 316 785 425 872
mitosis 0.0010 716 1405 864 1484
mitosis 0.0010 247 360 352 476
mitosis 0.0010 528 1413 585 1464
mitosis 0.0010 405 1322 557 1464
mitosis 0.0010 1347 514 1460 603
mitosis 0.0010 1425 1389 1547 1499
mitosis 0.0010 471 1107 563 1194
mitosis 0.0010 1285 5 1395 91
mitosis 0.0010 283 1321 436 1457
mitosis 0.0010 1445 321 1502 373
mitosis 0.0010 1116 606 1218 715
mitosis 0.0010 1545 1343 1665 1465
