mitosis 0.2512 1474 149 1530 205
mitosis 0.2493 1319 1167 1376 1223
mitosis 0.0277 156 17 213 61
mitosis 0.0243 610 680 661 730
mitosis 0.0175 800 612 839 655
mitosis 0.0168 628 1321 675 1369
mitosis 0.0147 1299 1157 1387 1231
mitosis 0.0130 0 442 28 485
mitosis 0.0125 876 1191 921 1235
mitosis 0.0102 972 103 1008 141
mitosis 0.0099 338 501 385 549
mitosis 0.0096 1336 832 1378 869
mitosis 0.0078 1326 63 1358 94
mitosis 0.0069 174 460 221 513
mitosis 0.0056 145 3 238 76
mitosis 0.0056 551 917 588 954
mitosis 0.0055 1457 136 1546 213
mitosis 0.0049 938 960 981 1003
mitosis 0.0047 1587 38 1625 81
mitosis 0.0040 676 357 715 393
mitosis 0.0034 689 30 734 64
mitosis 0.0033 1593 462 1632 517
mitosis 0.0033 1620 1076 1658 1133
mitosis 0.0032 204 908 244 945
mitosis 0.0031 614 1302 697 1377
mitosis 0.0031 945 1269 1000 1324
mitosis 0.0031 463 202 499 232
mitosis 0.0030 236 209 277 247
mitosis 0.0029 583 304 627 345
mitosis 0.0026 910 1262 1000 1338
mitosis 0.0025 147 444 235 537
mitosis 0.0025 35 1270 74 1308
mitosis 0.0023 303 927 340 974
mitosis 0.0023 599 668 682 742
mitosis 0.0023 1288 80 1330 125
mitosis 0.0022 589 290 629 336
mitosis 0.0022 1548 0 1588 23
mitosis 0.0021 894 923 1648 1521
mitosis 0.0021 1562 8 1651 95
mitosis 0.0020 210 396 254 441
mitosis 0.0020 1182 1151 1386 1314
mitosis 0.0020 142 25 214 86
mitosis 0.0020 1489 151 1549 201
mitosis 0.0019 476 451 542 511
mitosis 0.0019 204 910 261 962
mitosis 0.0018 1323 1153 1393 1213
mitosis 0.0018 177 5 238 52
mitosis 0.0018 149 472 209 535
mitosis 0.0018 87 1348 121 1382
mitosis 0.0017 486 228 544 279
mitosis 0.0017 0 425 40 487
mitosis 0.0017 858 1168 942 1250
mitosis 0.0016 28 1386 156 1468
mitosis 0.0016 1192 245 1238 285
mitosis 0.0016 384 1099 431 1142
mitosis 0.0016 205 897 296 975
mitosis 0.0015 1188 453 1228 491
mitosis 0.0015 268 278 308 321
mitosis 0.0015 1558 1168 1689 1316
mitosis 0.0015 748 621 776 651
mitosis 0.0015 567 476 603 505
mitosis 0.0014 328 479 400 562
mitosis 0.0014 1295 1159 1423 1297
mitosis 0.0014 1064 103 1107 134
mitosis 0.0014 1022 1106 1060 1143
mitosis 0.0014 1632 1074 1661 1120
mitosis 0.0014 921 940 1007 1019
mitosis 0.0014 292 741 359 804
mitosis 0.0014 1099 -115 1789 472
mitosis 0.0014 1396 132 1516 252
mitosis 0.0014 327 1414 441 1480
mitosis 0.0013 1301 1121 1425 1217
mitosis 0.0012 876 1216 978 1308
mitosis 0.0012 620 686 676 738
mitosis 0.0012 860 123 945 186
mitosis 0.0012 1408 353 1465 398
mitosis 0.0012 394 1247 447 1294
mitosis 0.0011 622 772 787 944
mitosis 0.0011 1575 1046 1669 1157
mitosis 0.0011 102 1380 259 1486
mitosis 0.0011 789 593 855 668
mitosis 0.0011 1470 127 1586 251
mitosis 0.0011 1572 1227 1679 1347
mitosis 0.0011 544 781 700 944
mitosis 0.0011 708 863 866 1017
mitosis 0.0011 799 870 965 1020
mitosis 0.0011 1309 64 1352 109
mitosis 0.0011 183 397 245 465
mitosis 0.0010 471 208 553 287
mitosis 0.0010 1385 1203 1418 1238
mitosis 0.0010 1309 1162 1357 1216
mitosis 0.0010 1331 1161 1467 1260
mitosis 0.0010 -2 706 118 856
mitosis 0.0010 4 1242 113 1350
mitosis 0.0010 4 1180 112 1315
mitosis 0.0010 628 859 782 1016
mitosis 0.0010 401 406 438 436
mitosis 0.0010 334 1441 424 1481
mitosis 0.0010 793 765 955 943
mitosis 0.0010 705 770 874 949
