mitosis 0.3799 734 748 796 813
mitosis 0.2130 1445 966 1500 1018
mitosis 0.0920 363 762 394 797
mitosis 0.0632 1396 270 1447 326
mitosis 0.0534 1127 336 1183 384
mitosis 0.0387 1208 622 1271 686
mitosis 0.0306 224 483 267 527
mitosis 0.0266 1069 203 1115 258
mitosis 0.0232 1380 241 1450 318
mitosis 0.0220 46 513 91 551
mitosis 0.0219 187 263 229 310
mitosis 0.0219 1610 596 1651 634
mitosis 0.0210 1430 957 1513 1027
mitosis 0.0192 652 1334 687 1367
mitosis 0.0183 217 1175 253 1211
mitosis 0.0172 1622 217 1662 259
mitosis 0.0150 38 204 78 246
mitosis 0.0136 1098 414 1152 457
mitosis 0.0131 320 917 355 950
mitosis 0.0130 1241 811 1284 850
mitosis 0.0120 383 1235 429 1289
mitosis 0.0114 1373 11 1438 62
mitosis 0.0107 933 1169 981 1212
mitosis 0.0105 721 558 765 602
mitosis 0.0105 1333 2 1437 69
mitosis 0.0081 83 195 138 241
mitosis 0.0079 1377 233 1428 287
mitosis 0.0075 589 220 625 265
mitosis 0.0075 751 753 816 817
mitosis 0.0074 847 162 882 196
mitosis 0.0069 1608 21 1642 56
mitosis 0.0066 149 1054 184 1086
mitosis 0.0065 207 1354 241 1395
mitosis 0.0063 745 739 844 826
mitosis 0.0057 43 1378 80 1409
mitosis 0.0057 1122 319 1194 397
mitosis 0.0057 1084 1257 1116 1284
mitosis 0.0052 926 1146 1011 1226
mitosis 0.0052 182 1220 219 1253
mitosis 0.0051 534 1181 569 1226
mitosis 0.0049 315 461 1069 1092
mitosis 0.0049 1331 1249 1376 1301
mitosis 0.0046 13 1069 50 1109
mitosis 0.0046 607 704 805 874
mitosis 0.0043 365 1006 402 1033
mitosis 0.0042 752 1422 856 1484
mitosis 0.0041 1013 401 1056 439
mitosis 0.0041 1322 1382 1420 1466
mitosis 0.0039 336 1314 371 1350
mitosis 0.0035 901 1326 933 1357
mitosis 0.0035 803 1440 852 1479
mitosis 0.0034 217 464 279 539
mitosis 0.0033 934 265 976 305
mitosis 0.0031 448 995 493 1034
mitosis 0.0031 1043 176 1136 261
mitosis 0.0030 1524 1042 1558 1069
mitosis 0.0029 1320 2 1381 45
mitosis 0.0028 604 1238 646 1272
mitosis 0.0028 1410 281 1463 329
mitosis 0.0028 362 1220 449 1302
mitosis 0.0028 111 575 144 609
mitosis 0.0028 731 714 804 802
mitosis 0.0027 720 766 839 935
mitosis 0.0027 415 716 476 783
mitosis 0.0026 1556 141 1595 185
mitosis 0.0025 698 739 790 841
mitosis 0.0025 172 243 241 324
mitosis 0.0024 525 143 557 185
mitosis 0.0023 707 1028 739 1066
mitosis 0.0023 1339 1395 1407 1451
mitosis 0.0022 1577 575 1657 649
mitosis 0.0022 819 1434 852 1468
mitosis 0.0021 1596 11 1648 59
mitosis 0.0021 1216 637 1287 698
mitosis 0.0020 1390 937 1515 1082
mitosis 0.0020 1147 1415 1189 1444
mitosis 0.0020 78 1154 119 1197
mitosis 0.0020 1397 952 1494 1038
mitosis 0.0020 556 233 600 290
mitosis 0.0019 1204 1260 1239 1294
mitosis 0.0019 1090 387 1171 472
mitosis 0.0018 766 1447 832 1485
mitosis 0.0018 1524 585 1556 621
mitosis 0.0018 1162 541 1732 1302
mitosis 0.0018 1105 340 1190 427
mitosis 0.0018 20 491 113 565
mitosis 0.0018 785 642 953 779
mitosis 0.0017 1602 197 1661 281
mitosis 0.0017 48 1152 113 1201
mitosis 0.0017 1388 882 1500 1017
mitosis 0.0017 213 1182 262 1223
mitosis 0.0016 366 757 409 793
mitosis 0.0016 1297 -27 1447 122
mitosis 0.0016 1085 1461 1143 1483
mitosis 0.0016 934 1115 1013 1202
mitosis 0.0016 580 535 640 597
mitosis 0.0015 276 674 317 708
mitosis 0.0015 375 719 472 797
mitosis 0.0015 1568 1 1654 79
mitosis 0.0015 545 242 581 293
mitosis 0.0014 819 1450 856 1479
mitosis 0.0014 1128 626 1277 790
mitosis 0.0014 -7 712 116 839
mitosis 0.0014 1517 1043 1551 1080
mitosis 0.0014 1449 928 1597 1076
mitosis 0.0014 1206 595 1309 683
mitosis 0.0013 1327 157 1451 296
mitosis 0.0013 16 185 117 262
mitosis 0.0013 350 994 414 1047
mitosis 0.0013 719 556 826 654
mitosis 0.0013 736 660 821 793
mitosis 0.0013 454 1457 498 1485
mitosis 0.0013 -1 374 42 447
mitosis 0.0013 550 169 655 281
mitosis 0.0013 4 1150 39 1207
mitosis 0.0013 774 359 1607 1056
mitosis 0.0013 35 190 89 261
mitosis 0.0013 701 553 787 637
mitosis 0.0013 183 1203 235 1253
mitosis 0.0013 160 1130 275 1231
mitosis 0.0013 1192 625 1249 685
mitosis 0.0012 364 4 457 97
mitosis 0.0012 716 416 864 579
mitosis 0.0012 177 1218 232 1267
mitosis 0.0012 1544 1402 1679 1490
mitosis 0.0012 237 648 363 773
mitosis 0.0012 1007 -341 1721 411
mitosis 0.0012 71 182 137 259
mitosis 0.0012 1311 1232 1405 1314
mitosis 0.0012 -1 633 119 762
mitosis 0.0012 188 1356 242 1407
mitosis 0.0012 2 358 110 484
mitosis 0.0012 794 242 827 269
mitosis 0.0012 -4 1029 98 1140
mitosis 0.0012 341 735 449 809
mitosis 0.0012 806 73 933 209
mitosis 0.0011 354 740 413 815
mitosis 0.0011 1560 170 1657 261
mitosis 0.0011 220 738 363 836
mitosis 0.0011 377 23 428 89
mitosis 0.0011 1281 271 1454 404
mitosis 0.0011 180 1165 278 1255
mitosis 0.0011 857 1101 998 1241
mitosis 0.0011 1328 12 1397 60
mitosis 0.0011 945 1390 1124 1488
mitosis 0.0011 365 1005 420 1058
mitosis 0.0011 1427 978 1485 1028
mitosis 0.0011 623 420 777 575
mitosis 0.0011 522 1178 627 1266
mitosis 0.0011 934 1175 996 1229
mitosis 0.0011 1106 332 1167 383
mitosis 0.0011 956 28 1123 194
mitosis 0.0010 725 765 805 843
mitosis 0.0010 48 1109 179 1218
mitosis 0.0010 -1 -6 102 104
mitosis 0.0010 728 1370 861 1489
mitosis 0.0010 1217 164 1258 212
mitosis 0.0010 865 1145 1038 1305
mitosis 0.0010 705 24 864 182
mitosis 0.0010 1160 728 1306 860
mitosis 0.0010 880 644 1030 782
mitosis 0.0010 546 428 684 573
mitosis 0.0010 899 24 1821 646
mitosis 0.0010 799 420 950 570
mitosis 0.0010 316 922 359 963
mitosis 0.0010 1137 595 1280 706
mitosis 0.0010 92 1273 138 1318
mitosis 0.0010 644 97 676 131
mitosis 0.0010 43 1362 199 1487
mitosis 0.0010 1548 709 1684 856
mitosis 0.0010 1555 1231 1675 1368
mitosis 0.0010 872 726 1036 855
mitosis 0.0010 196 267 248 309
mitosis 0.0010 1118 347 1172 391
mitosis 0.0010 3 1360 112 1458
mitosis 0.0010 212 768 272 814
mitosis 0.0010 506 1142 607 1250
